1    3
2    4
61    3
62    2
63    3
64    4
68    4
72    3
82    4
131    3
132    4
133    2
134    4
135    2
136    4
214    3
228    3
340    2
383    4
387    3
388    4
428    3
429    2
446    4
467    2
468    2
473    4
474    3
486    4
487    1
488    4
514    3
584    2
670    3
692    4
702    3
703    3
704    3
705    2
742    3
748    3
749    4
840    2
893    3
894    2
896    0
897    3
1112    3
1153    1
1154    4
1215    3
1241    4
1256    3
1274    4
1482    4
1489    4
1588    4
1671    3
1672    3
1673    3
1674    2
1675    3
1676    3
1677    3
1678    1
1679    1
1680    4
1681    3
1682    4
1683    4
1684    3
1685    2
1686    1
1687    3
1688    2
1689    2
1690    3
1691    4
1692    4
1693    4
1694    4
1695    3
1696    2
1697    4
1698    3
1699    3
1700    4
1701    4
1702    3
1703    4
1704    3
1705    3
1706    1
1707    4
1708    3
1709    3
1710    4
1711    3
1712    3
1713    4
1714    3
1715    4
1716    3
1717    3
1718    3
1719    4
1720    3
1721    3
1722    3
1723    3
1724    3
1725    3
1726    3
1727    4
1728    3
1729    3
1730    4
1731    4
1732    3
1733    3
1734    3
1735    2
1736    3
1737    2
1738    3
1739    3
1740    3
1741    4
1742    1
1743    2
1744    2
1745    2
1746    4
1747    3
1748    3
1749    3
1750    3
1751    2
1752    4
1753    4
1754    3
1755    4
1756    3
1757    3
1758    4
1759    3
1760    3
1761    3
1762    4
1763    3
1764    3
1765    3
1766    3
1767    3
1768    3
1769    4
1770    4
1771    4
1772    3
1773    4
1774    4
1775    3
1776    3
1777    4
1778    2
1779    4
1780    3
1781    2
1782    1
1783    3
1784    2
1785    3
1786    3
1787    1
1788    4
1789    4
1790    3
1791    3
1792    3
1793    3
1794    3
1795    3
1796    3
1797    2
1798    3
1799    3
1800    2
1801    3
1802    3
1803    2
1804    3
1805    3
1806    3
1807    2
1808    4
1809    3
1810    1
1811    2
1812    4
1813    3
1814    3
1815    1
1816    3
1817    4
1818    4
1819    3
1820    3
1821    3
1822    3
1823    3
1824    1
1825    4
1826    4
1827    2
1828    4
1829    3
1830    3
1831    3
1832    3
1833    4
1834    3
1835    4
1836    3
1837    3
1838    4
1839    4
1840    4
1841    3
1842    3
1843    3
1844    3
1845    2
1846    3
1847    3
1848    3
1849    3
1850    1
1851    2
1852    4
1853    2
1854    3
1855    4
1856    2
1857    4
1858    3
1859    1
1860    2
1861    3
1862    4
1863    3
1864    3
1865    4
1866    3
1867    3
1868    3
1869    3
1870    3
1871    3
1872    4
1873    3
1874    3
1875    1
1876    3
1877    4
1878    3
1879    3
1880    4
1881    4
1882    3
1883    3
1884    4
1885    3
1886    3
1887    2
1888    4
1889    2
1890    3
1891    4
1892    2
1893    2
1894    4
1895    3
1896    3
1897    2
1898    3
1899    4
1900    3
1901    3
1902    4
1903    3
1904    4
1905    3
1906    3
1907    2
1908    4
1909    1
1910    4
1911    4
1912    3
1913    3
1914    4
1915    3
1916    3
1917    4
1918    4
1919    3
1920    3
1921    2
1922    4
1923    4
1924    3
1925    2
1926    1
1927    4
1928    3
1929    3
1930    4
1931    3
1932    3
1933    3
1934    3
1935    3
1936    4
1937    2
1938    1
1939    3
1940    2
1941    4
1942    4
1943    3
1944    4
1945    3
1946    3
1947    3
1948    2
1949    3
1950    3
1951    2
1952    4
1953    3
1954    4
1955    3
1956    3
1957    3
1958    4
1959    4
1960    3
1961    3
1962    3
1963    4
1964    3
1965    3
1966    4
1967    4
1968    3
1969    1
1970    3
1971    4
1972    4
1973    3
1974    3
1975    3
1976    3
1977    3
1978    3
1979    4
1980    3
1981    4
1982    4
1983    3
1984    4
1985    4
1986    3
1987    3
1988    4
1989    3
1990    3
1991    4
1992    2
1993    3
1994    4
1995    3
1996    3
1997    4
1998    4
1999    3
2000    3
2001    2
2002    4
2003    2
2004    3
2005    1
2006    4
2007    4
2008    2
2009    3
2010    4
2011    1
2012    3
2013    2
2014    2
2015    3
2016    3
2017    3
2018    4
2019    3
2020    2
2021    4
2022    3
2023    2
2024    3
2025    3
2026    3
2027    3
2028    4
2029    2
2030    3
2031    4
2032    3
2033    4
2034    4
2035    4
2036    3
2037    4
2038    3
2039    3
2040    3
2041    3
2042    3
2043    3
2044    2
2045    4
2046    1
2047    3
2048    0
2049    4
2050    3
2051    4
2052    4
2053    4
2054    4
2055    3
2056    2
2057    3
2058    4
2059    3
2060    3
2061    3
2062    4
2063    4
2064    3
2065    2
2066    4
2067    2
2068    4
2069    0
2070    4
2071    3
2072    3
2073    0
2074    3
2075    4
2076    4
2077    2
2078    3
2079    3
2080    4
2081    2
2082    2
2083    1
2084    4
2085    4
2086    4
2087    3
2088    4
2089    2
2090    4
2091    3
2092    3
2093    3
2094    2
2095    3
2096    3
2097    3
2098    3
2099    3
2100    4
2101    3
2102    3
2103    3
2104    2
2105    4
2106    3
2107    1
2108    4
2109    2
2110    3
2111    3
2112    3
2113    4
2114    3
2115    3
2116    3
2117    3
2118    3
2119    3
2120    1
2121    3
2122    4
2123    3
2124    3
2125    3
2126    3
2127    4
2128    4
2129    4
2130    4
2131    2
2132    3
2133    4
2134    3
2135    3
2136    3
2137    4
2138    1
2139    4
2140    4
2141    4
2142    3
2143    4
2144    3
2145    3
2146    4
2147    3
2148    3
2149    3
2150    3
2151    4
2152    2
2153    3
2154    2
2155    3
2156    3
2157    4
2158    3
2159    3
2160    2
2161    4
2162    3
2163    4
2164    2
2165    4
2166    3
2167    3
2168    3
2169    4
2170    3
2171    2
2172    4
2173    4
2174    1
2175    3
2176    1
2177    2
2178    2
2179    2
2180    4
2181    4
2182    4
2183    4
2184    4
2185    3
2186    4
2187    4
2188    4
2189    4
2190    3
2191    4
2192    3
2193    3
2194    2
2195    2
2196    3
2197    3
2198    3
2199    3
2200    4
2201    4
2202    2
2203    3
2204    3
2205    3
2206    3
2207    2
2208    3
2209    2
2210    3
2211    1
2212    4
2213    4
2214    3
2215    3
2216    3
2217    3
2218    3
2219    0
2220    3
2221    3
2222    3
2223    2
2224    4
2225    1
2226    1
2227    4
2228    3
2229    4
2230    3
2231    4
2232    3
2233    2
2234    3
2235    3
2236    3
2237    4
2238    3
2239    3
2240    2
2241    4
2242    1
2243    4
2244    2
2245    3
2246    3
2247    3
2248    4
2249    3
2250    2
2251    4
2252    4
2253    3
2254    2
2255    3
2256    3
2257    1
2258    4
2259    3
2260    2
2261    3
2262    3
2263    2
2264    3
2265    3
2266    4
2267    4
2268    4
2269    2
2270    0
2271    2
2272    3
2273    4
2274    4
2275    4
2276    3
2277    4
2278    3
2279    4
2280    1
2281    3
2282    2
2283    4
2284    4
2285    4
2286    3
2287    2
2288    3
2289    2
2290    4
2291    4
2292    0
2293    2
2294    3
2295    4
2296    4
2297    3
2298    3
2299    3
2300    3
2301    3
2302    3
2303    3
2304    3
2305    3
2306    3
2307    3
2308    4
2309    3
2310    4
2311    4
2312    2
2313    2
2314    4
2315    4
2316    4
2317    4
2318    2
2319    2
2320    4
2321    3
2322    3
2323    4
2324    4
2325    4
2326    3
2327    4
2328    3
2329    4
2330    4
2331    4
2332    3
2333    3
2334    3
2335    3
2336    3
2337    2
2338    3
2339    4
2340    4
2341    2
2342    1
2343    3
2344    3
2345    4
2346    4
2347    4
2348    4
2349    2
2350    4
2351    3
2352    3
2353    3
2354    2
2355    4
2356    4
2357    4
2358    3
2359    3
2360    4
2361    2
2362    2
2363    3
2364    3
2365    4
2366    4
2367    3
2368    2
2369    3
2370    3
2371    3
2372    3
2373    3
2374    3
2375    1
2376    3
2377    3
2378    1
2379    4
2380    4
2381    4
2382    1
2383    3
2384    4
2385    3
2386    3
2387    3
2388    3
2389    3
2390    4
2391    3
2392    3
2393    3
2394    4
2395    4
2396    4
2397    3
2398    3
2399    2
2400    4
2401    4
2402    4
2403    4
2404    3
2405    3
2406    4
2407    4
2408    3
2409    3
2410    4
2411    4
2412    3
2413    3
2414    2
2415    2
2416    3
2417    3
2418    3
2419    2
2420    2
2421    3
2422    3
2423    3
2424    4
2425    3
2426    1
2427    2
2428    2
2429    3
2430    3
2431    4
2432    3
2433    4
2434    3
2435    4
2436    2
2437    4
2438    4
2439    4
2440    3
2441    2
2442    3
2443    2
2444    3
2445    4
2446    3
2447    3
2448    3
2449    3
2450    3
2451    4
2452    4
2453    3
2454    3
2455    4
2456    4
2457    3
2458    4
2459    4
2460    2
2461    2
2462    2
2463    4
2464    3
2465    3
2466    4
2467    4
2468    4
2469    3
2470    3
2471    4
2472    3
2473    2
2474    4
2475    2
2476    2
2477    4
2478    3
2479    4
2480    3
2481    3
2482    3
2483    3
2484    2
2485    3
2486    4
2487    3
2488    3
2489    3
2490    3
2491    3
2492    1
2493    3
2494    3
2495    4
2496    3
2497    4
2498    3
2499    2
2500    2
2501    4
2502    3
2503    4
2504    3
2505    3
2506    4
2507    3
2508    3
2509    4
2510    4
2511    1
2512    3
2513    4
2514    3
2515    3
2516    3
2517    3
2518    4
2519    4
2520    2
2521    3
2522    3
2523    4
2524    4
2525    2
2526    3
2527    4
2528    3
2529    3
2530    4
2531    3
2532    2
2533    3
2534    4
2535    2
2536    3
2537    2
2538    4
2539    3
2540    3
2541    3
2542    3
2543    3
2544    4
2545    2
2546    3
2547    3
2548    2
2549    2
2550    1
2551    2
2552    3
2553    4
2554    3
2555    4
2556    3
2557    3
2558    2
2559    4
2560    4
2561    2
2562    2
2563    2
2564    4
2565    3
2566    4
2567    4
2568    3
2569    4
2570    3
2571    4
2572    4
2573    2
2574    3
2575    4
2576    2
2577    3
2578    3
2579    4
2580    4
2581    4
2582    3
2583    3
2584    2
2585    3
2586    2
2587    3
2588    3
2589    4
2590    3
2591    4
2592    2
2593    3
2594    4
2595    2
2596    3
2597    2
2598    4
2599    3
2600    3
2601    3
2602    3
2603    0
2604    3
2605    3
2606    3
2607    3
2608    4
2609    3
2610    3
2611    3
2612    3
2613    3
2614    3
2615    3
2616    1
2617    3
2618    3
2619    2
2620    3
2621    3
2622    3
2623    3
2624    3
2625    3
2626    3
2627    3
2628    3
2629    3
2630    4
2631    4
2632    4
2633    4
2634    3
2635    3
2636    4
2637    3
2638    3
2639    3
2640    2
2641    1
2642    3
2643    4
2644    1
2645    3
2646    2
2647    3
2648    4
2649    3
2650    3
2651    3
2652    2
2653    3
2654    3
2655    4
2656    3
2657    3
2658    3
2659    3
2660    3
2661    2
2662    3
2663    3
2664    4
2665    0
2666    3
2667    2
2668    3
2669    4
2670    4
2671    3
2672    4
2673    3
2674    3
2675    4
2676    3
2677    3
2678    3
2679    4
2680    1
2681    2
2682    3
2683    3
2684    4
2685    4
2686    4
2687    2
2688    3
2689    4
2690    3
2691    3
2692    3
2693    2
2694    3
2695    3
2696    2
2697    2
2698    3
2699    3
2700    3
2701    3
2702    4
2703    2
2704    4
2705    3
2706    3
2707    4
2708    3
2709    3
2710    2
2711    3
2712    3
2713    4
2714    3
2715    4
2716    3
2717    3
2718    3
2719    3
2720    3
2721    4
2722    0
2723    2
2724    3
2725    3
2726    4
2727    4
2728    2
2729    4
2730    2
2731    2
2732    4
2733    4
2734    2
2735    3
2736    4
2737    3
2738    2
2739    2
2740    3
2741    3
2742    4
2743    3
2744    3
2745    3
2746    2
2747    2
2748    3
2749    3
2750    3
2751    4
2752    3
2753    2
2754    3
2755    3
2756    3
2757    3
2758    3
2759    3
2760    4
2761    4
2762    4
2763    2
2764    3
2765    4
2766    4
2767    4
2768    3
2769    3
2770    4
2771    2
2772    3
2773    2
2774    3
2775    3
2776    3
2777    3
2778    3
2779    2
2780    2
2781    3
2782    3
2783    4
2784    4
2785    1
2786    2
2787    3
2788    3
2789    1
2790    2
2791    4
2792    4
2793    4
2794    4
2795    3
2796    4
2797    3
2798    4
2799    3
2800    3
2801    3
2802    4
2803    4
2804    3
2805    4
2806    3
2807    3
2808    3
2809    3
2810    4
2811    4
2812    4
2813    3
2814    1
2815    2
2816    3
2817    2
2818    4
2819    3
2820    4
2821    4
2822    3
2823    4
2824    3
2825    4
2826    2
2827    3
2828    3
2829    3
2830    3
2831    1
2832    2
2833    3
2834    3
2835    4
2836    2
2837    3
2838    3
2839    3
2840    3
2841    3
2842    3
2843    4
2844    2
2845    4
2846    2
2847    3
2848    3
2849    4
2850    2
2851    3
2852    3
2853    3
2854    3
2855    2
2856    4
2857    3
2858    3
2859    4
2860    3
2861    3
2862    0
2863    3
2864    3
2865    3
2866    2
2867    3
2868    3
2869    2
2870    3
2871    4
2872    3
2873    4
2874    2
2875    2
2876    4
2877    3
2878    3
2879    1
2880    4
2881    3
2882    3
2883    2
2884    1
2885    3
2886    3
2887    3
2888    4
2889    3
2890    3
2891    2
2892    4
2893    3
2894    3
2895    3
2896    4
2897    3
2898    3
2899    3
2900    2
2901    2
2902    2
2903    4
2904    4
2905    3
2906    4
2907    3
2908    1
2909    3
2910    1
2911    3
2912    3
2913    4
2914    4
2915    4
2916    3
2917    3
2918    3
2919    3
2920    2
2921    3
2922    2
2923    2
2924    4
2925    4
2926    3
2927    2
2928    4
2929    3
2930    2
2931    4
2932    1
2933    4
2934    3
2935    1
2936    2
2937    3
2938    2
2939    3
2940    4
2941    3
2942    4
2943    4
2944    3
2945    2
2946    3
2947    4
2948    2
2949    3
2950    1
2951    4
2952    4
2953    4
2954    4
2955    2
2956    4
2957    3
2958    3
2959    3
2960    4
2961    2
2962    3
2963    3
2964    3
2965    2
2966    3
2967    3
2968    4
2969    4
2970    4
2971    2
2972    3
2973    3
2974    4
2975    4
2976    4
2977    1
2978    2
2979    3
2980    3
2981    2
2982    4
2983    3
2984    4
2985    3
2986    4
2987    3
2988    4
2989    2
2990    4
2991    3
2992    3
2993    2
2994    3
2995    3
2996    1
2997    2
2998    1
2999    3
3000    2
3001    3
3002    2
3003    3
3004    3
3005    3
3006    4
3007    4
3008    3
3009    3
3010    3
3011    3
3012    4
3013    4
3014    3
3015    4
3016    3
3017    3
3018    1
3019    3
3020    3
3021    3
3022    4
3023    3
3024    3
3025    2
3026    3
3027    2
3028    3
3029    3
3030    2
3031    1
3032    3
3033    3
3034    3
3035    4
3036    3
3037    3
3038    2
3039    4
3040    3
3041    3
3042    2
3043    2
3044    1
3045    0
3046    4
3047    3
3048    4
3049    3
3050    2
3051    3
3052    4
3053    3
3054    3
3055    3
3056    3
3057    4
3058    2
3059    4
3060    3
3061    3
3062    2
3063    3
3064    3
3065    2
3066    3
3067    3
3068    4
3069    4
3070    4
3071    2
3072    4
3073    4
3074    4
3075    3
3076    1
3077    2
3078    3
3079    2
3080    4
3081    3
3082    3
3083    3
3084    3
3085    3
3086    4
3087    3
3088    4
3089    4
3090    4
3091    3
3092    2
3093    3
3094    4
3095    1
3096    2
3097    2
3098    4
3099    3
3100    3
3101    4
3102    3
3103    3
3104    4
3105    2
3106    3
3107    1
3108    1
3109    2
3110    3
3111    2
3112    4
3113    3
3114    4
3115    3
3116    3
3117    3
3118    4
3119    3
3120    4
3121    4
3122    4
3123    1
3124    2
3125    4
3126    3
3127    4
3128    2
3129    4
3130    3
3131    4
3132    4
3133    3
3134    4
3135    2
3136    3
3137    3
3138    3
3139    3
3140    2
3141    1
3142    4
3143    3
3144    2
3145    3
3146    3
3147    2
3148    3
3149    4
3150    3
3151    4
3152    4
3153    3
3154    4
3155    1
3156    1
3157    2
3158    2
3159    3
3160    3
3161    3
3162    3
3163    3
3164    3
3165    4
3166    3
3167    3
3168    2
3169    3
3170    3
3171    2
3172    2
3173    3
3174    4
3175    3
3176    4
3177    3
3178    3
3179    2
3180    3
3181    3
3182    3
3183    3
3184    4
3185    2
3186    3
3187    4
3188    4
3189    3
3190    4
3191    4
3192    2
3193    3
3194    3
3195    3
3196    3
3197    3
3198    3
3199    4
3200    3
3201    4
3202    3
3203    3
3204    3
3205    3
3206    2
3207    3
3208    4
3209    3
3210    2
3211    3
3212    2
3213    3
3214    4
3215    4
3216    4
3217    3
3218    4
3219    3
3220    4
3221    4
3222    4
3223    3
3224    3
3225    1
3226    3
3227    3
3228    3
3229    4
3230    3
3231    3
3232    3
3233    4
3234    4
3235    3
3236    2
3237    3
3238    3
3239    4
3240    3
3241    2
3242    3
3243    3
3244    4
3245    4
3246    3
3247    3
3248    4
3249    4
3250    2
3251    3
3252    4
3253    3
3254    2
3255    2
3256    3
3257    2
3258    4
3259    3
3260    2
3261    4
3262    3
3263    1
3264    4
3265    3
3266    4
3267    3
3268    2
3269    3
3270    3
3271    4
3272    4
3273    2
3274    3
3275    3
3276    3
3277    3
3278    3
3279    4
3280    3
3281    4
3282    4
3283    4
3284    4
3285    1
3286    4
3287    4
3288    3
3289    3
3290    3
3291    3
3292    3
3293    3
3294    4
3295    4
3296    4
3297    3
3298    2
3299    2
3300    3
3301    4
3302    2
3303    2
3304    3
3305    3
3306    3
3307    3
3308    4
3309    3
3310    3
3311    3
3312    3
3313    3
3314    2
3315    4
3316    3
3317    3
3318    3
3319    3
3320    3
3321    3
3322    3
3323    3
3324    3
3325    2
3326    4
3327    3
3328    2
3329    3
3330    3
3331    3
3332    3
3333    3
3334    3
3335    4
3336    3
3337    4
3338    3
3339    4
3340    4
3341    1
3342    4
3343    3
3344    4
3345    2
3346    2
3347    2
3348    4
3349    3
3350    3
3351    3
3352    2
3353    4
3354    4
3355    3
3356    3
3357    4
3358    3
3359    4
3360    4
3361    2
3362    3
3363    3
3364    4
3365    3
3366    4
3367    4
3368    3
3369    2
3370    4
3371    4
3372    4
3373    3
3374    2
3375    1
3376    2
3377    3
3378    3
3379    4
3380    3
3381    3
3382    3
3383    2
3384    3
3385    3
3386    4
3387    3
3388    3
3389    3
3390    4
3391    2
3392    2
3393    3
3394    3
3395    2
3396    3
3397    3
3398    2
3399    4
3400    3
3401    2
3402    3
3403    4
3404    2
3405    2
3406    3
3407    3
3408    3
3409    4
3410    2
3411    4
3412    2
3413    4
3414    4
3415    4
3416    4
3417    4
3418    2
3419    4
3420    4
3421    1
3422    4
3423    3
3424    4
3425    4
3426    4
3427    3
3428    4
3429    3
3430    3
3431    4
3432    2
3433    3
3434    4
3435    3
3436    3
3437    3
3438    4
3439    3
3440    4
3441    4
3442    4
3443    2
3444    3
3445    3
3446    2
3447    4
3448    2
3449    3
3450    3
3451    2
3452    1
3453    3
3454    3
3455    3
3456    3
3457    3
3458    2
3459    4
3460    4
3461    3
3462    4
3463    1
3464    4
3465    4
3466    2
3467    2
3468    3
3469    4
3470    3
3471    3
3472    3
3473    3
3474    3
3475    3
3476    4
3477    4
3478    3
3479    4
3480    3
3481    3
3482    4
3483    4
3484    3
3485    4
3486    3
3487    4
3488    3
3489    3
3490    1
3491    3
3492    3
3493    3
3494    2
3495    2
3496    0
3497    3
3498    3
3499    2
3500    4
3501    3
3502    3
3503    4
3504    3
3505    3
3506    2
3507    4
3508    4
3509    4
3510    2
3511    3
3512    2
3513    3
3514    3
3515    3
3516    3
3517    3
3518    3
3519    4
3520    4
3521    2
3522    3
3523    2
3524    4
3525    4
3526    2
3527    1
3528    3
3529    1
3530    2
3531    4
3532    2
3533    3
3534    4
3535    3
3536    4
3537    4
3538    3
3539    4
3540    3
3541    1
3542    3
3543    3
3544    4
3545    4
3546    2
3547    2
3548    3
3549    4
3550    4
3551    3
3552    1
3553    4
3554    3
3555    3
3556    3
3557    3
3558    3
3559    4
3560    3
3561    3
3562    3
3563    4
3564    4
3565    4
3566    3
3567    3
3568    3
3569    3
3570    4
3571    4
3572    3
3573    4
3574    3
3575    2
3576    2
3577    4
3578    4
3579    4
3580    1
3581    1
3582    4
3583    1
3584    3
3585    3
3586    4
3587    2
3588    4
3589    4
3590    3
3591    4
3592    1
3593    2
3594    2
3595    4
3596    3
3597    3
3598    2
3599    3
3600    2
3601    3
3602    2
3603    3
3604    3
3605    3
3606    3
3607    3
3608    3
3609    4
3610    3
3611    4
3612    4
3613    2
3614    3
3615    3
3616    2
3617    2
3618    3
3619    3
3620    4
3621    4
3622    4
3623    3
3624    4
3625    0
3626    3
3627    4
3628    3
3629    4
3630    4
3631    3
3632    4
3633    3
3634    3
3635    4
3636    3
3637    3
3638    3
3639    2
3640    4
3641    3
3642    2
3643    4
3644    4
3645    4
3646    3
3647    2
3648    3
3649    3
3650    3
3651    2
3652    2
3653    2
3654    3
3655    4
3656    4
3657    3
3658    3
3659    3
3660    3
3661    3
3662    3
3663    3
3664    3
3665    3
3666    4
3667    3
3668    3
3669    3
3670    3
3671    3
3672    4
3673    3
3674    3
3675    4
3676    2
3677    3
3678    3
3679    4
3680    4
3681    4
3682    1
3683    2
3684    2
3685    3
3686    3
3687    4
3688    3
3689    3
3690    3
3691    3
3692    4
3693    3
3694    1
3695    3
3696    3
3697    2
3698    3
3699    4
3700    4
3701    1
3702    3
3703    2
3704    4
3705    3
3706    4
3707    3
3708    3
3709    4
3710    3
3711    2
3712    4
3713    3
3714    2
3715    3
3716    4
3717    3
3718    1
3719    4
3720    3
3721    3
3722    1
3723    3
3724    4
3725    2
3726    3
3727    3
3728    4
3729    3
3730    3
3731    2
3732    3
3733    2
3734    3
3735    4
3736    2
3737    3
3738    3
3739    1
3740    3
3741    2
3742    4
3743    3
3744    4
3745    3
3746    3
3747    3
3748    1
3749    2
3750    1
3751    2
3752    4
3753    3
3754    3
3755    2
3756    4
3757    3
3758    0
3759    3
3760    4
3761    1
3762    2
3763    3
3764    3
3765    3
3766    3
3767    3
3768    3
3769    4
3770    3
3771    4
3772    4
3773    4
3774    2
3775    4
3776    4
3777    4
3778    1
3779    2
3780    4
3781    3
3782    3
3783    3
3784    3
3785    3
3786    3
3787    3
3788    4
3789    3
3790    3
3791    1
3792    2
3793    2
3794    2
3795    1
3796    3
3797    3
3798    4
3799    2
3800    2
3801    3
3802    4
3803    4
3804    4
3805    4
3806    2
3807    3
3808    4
3809    3
3810    2
3811    4
3812    1
3813    1
3814    4
3815    2
3816    2
3817    4
3818    4
3819    4
3820    4
3821    3
3822    4
3823    3
3824    3
3825    4
3826    4
3827    3
3828    3
3829    4
3830    3
3831    2
3832    4
3833    4
3834    3
3835    3
3836    4
3837    4
3838    3
3839    3
3840    2
3841    3
3842    4
3843    3
3844    3
3845    3
3846    3
3847    4
3848    3
3849    3
3850    4
3851    1
3852    4
3853    3
3854    3
3855    3
3856    3
3857    4
3858    3
3859    3
3860    2
3861    3
3862    3
3863    3
3864    4
3865    3
3866    4
3867    3
3868    3
3869    2
3870    3
3871    3
3872    4
3873    4
3874    3
3875    2
3876    3
3877    4
3878    4
3879    4
3880    3
3881    3
3882    3
3883    2
3884    1
3885    2
3886    3
3887    2
3888    4
3889    4
3890    3
3891    3
3892    3
3893    3
3894    3
3895    3
3896    3
3897    4
3898    3
3899    3
3900    2
3901    4
3902    0
3903    3
3904    1
3905    3
3906    4
3907    2
3908    3
3909    4
3910    2
3911    4
3912    3
3913    3
3914    4
3915    4
3916    3
3917    3
3918    3
3919    3
3920    4
3921    3
3922    4
3923    3
3924    3
3925    3
3926    3
3927    1
3928    4
3929    4
3930    3
3931    3
3932    4
3933    2
3934    3
3935    4
3936    4
3937    3
3938    3
3939    4
3940    3
3941    2
3942    3
3943    4
3944    2
3945    3
3946    1
3947    1
3948    3
3949    3
3950    2
3951    3
3952    2
3953    3
3954    3
3955    3
3956    2
3957    3
3958    3
3959    4
3960    3
3961    3
3962    3
3963    3
3964    3
3965    3
3966    3
3967    3
3968    3
3969    4
3970    3
3971    3
3972    4
3973    4
3974    3
3975    3
3976    3
3977    4
3978    4
3979    4
3980    4
3981    2
3982    2
3983    4
3984    3
3985    3
3986    3
3987    4
3988    3
3989    1
3990    2
3991    3
3992    4
3993    3
3994    4
3995    4
3996    4
3997    2
3998    3
3999    4
4000    3
4001    4
4002    3
4003    4
4004    3
4005    3
4006    3
4007    3
4008    3
4009    4
4010    4
4011    3
4012    4
4013    1
4014    3
4015    3
4016    2
4017    3
4018    4
4019    4
4020    3
4021    3
4022    3
4023    4
4024    3
4025    4
4026    4
4027    3
4028    3
4029    3
4030    3
4031    4
4032    4
4033    4
4034    4
4035    3
4036    4
4037    3
4038    2
4039    3
4040    4
4041    3
4042    3
4043    4
4044    3
4045    4
4046    3
4047    3
4048    3
4049    3
4050    3
4051    4
4052    3
4053    3
4054    2
4055    2
4056    3
4057    3
4058    3
4059    3
4060    3
4061    3
4062    4
4063    4
4064    4
4065    3
4066    3
4067    4
4068    4
4069    1
4070    3
4071    3
4072    4
4073    2
4074    3
4075    4
4076    3
4077    2
4078    3
4079    3
4080    2
4081    3
4082    2
4083    3
4084    3
4085    3
4086    4
4087    3
4088    3
4089    2
4090    3
4091    3
4092    3
4093    3
4094    3
4095    3
4096    3
4097    4
4098    3
4099    2
4100    4
4101    3
4102    3
4103    4
4104    2
4105    2
4106    4
4107    3
4108    2
4109    3
4110    3
4111    3
4112    3
4113    4
4114    4
4115    4
4116    3
4117    4
4118    3
4119    4
4120    2
4121    2
4122    4
4123    3
4124    3
4125    4
4126    2
4127    3
4128    3
4129    3
4130    4
4131    3
4132    2
4133    1
4134    3
4135    3
4136    4
4137    4
4138    4
4139    4
4140    3
4141    3
4142    3
4143    2
4144    4
4145    4
4146    4
4147    3
4148    2
4149    3
4150    1
4151    4
4152    3
4153    4
4154    4
4155    3
4156    3
4157    3
4158    4
4159    3
4160    4
4161    4
4162    3
4163    3
4164    3
4165    3
4166    4
4167    4
4168    2
4169    3
4170    3
4171    2
4172    2
4173    4
4174    4
4175    3
4176    4
4177    3
4178    4
4179    4
4180    4
4181    3
4182    4
4183    3
4184    3
4185    4
4186    3
4187    3
4188    3
4189    3
4190    3
4191    4
4192    4
4193    4
4194    3
4195    4
4196    3
4197    3
4198    3
4199    4
4200    3
4201    3
4202    4
4203    3
4204    3
4205    3
4206    2
4207    4
4208    3
4209    3
4210    0
4211    4
4212    4
4213    1
4214    4
4215    4
4216    3
4217    4
4218    3
4219    4
4220    3
4221    3
4222    2
4223    3
4224    3
4225    4
4226    4
4227    3
4228    3
4229    3
4230    4
4231    4
4232    2
4233    3
4234    3
4235    3
4236    2
4237    3
4238    3
4239    1
4240    3
4241    3
4242    3
4243    3
4244    3
4245    4
4246    2
4247    3
4248    3
4249    2
4250    3
4251    4
4252    3
4253    3
4254    3
4255    4
4256    1
4257    4
4258    3
4259    4
4260    3
4261    2
4262    3
4263    2
4264    3
4265    3
4266    3
4267    3
4268    4
4269    3
4270    3
4271    3
4272    2
4273    4
4274    3
4275    2
4276    4
4277    4
4278    3
4279    3
4280    4
4281    3
4282    4
4283    3
4284    3
4285    0
4286    3
4287    3
4288    3
4289    4
4290    4
4291    4
4292    4
4293    3
4294    3
4295    3
4296    3
4297    2
4298    3
4299    4
4300    4
4301    3
4302    3
4303    4
4304    3
4305    3
4306    3
4307    2
4308    3
4309    2
4310    3
4311    3
4312    3
4313    2
4314    4
4315    4
4316    3
4317    4
4318    3
4319    4
4320    3
4321    4
4322    2
4323    4
4324    4
4325    4
4326    4
4327    4
4328    4
4329    4
4330    3
4331    4
4332    3
4333    3
4334    4
4335    2
4336    4
4337    2
4338    3
4339    3
4340    4
4341    3
4342    4
4343    4
4344    3
4345    3
4346    2
4347    2
4348    3
4349    4
4350    4
4351    3
4352    3
4353    4
4354    3
4355    2
4356    4
4357    3
4358    4
4359    3
4360    2
4361    4
4362    2
4363    3
4364    4
4365    3
4366    2
4367    4
4368    2
4369    1
4370    2
4371    3
4372    4
4373    2
4374    3
4375    3
4376    3
4377    3
4378    2
4379    3
4380    3
4381    4
4382    3
4383    3
4384    3
4385    3
4386    2
4387    4
4388    3
4389    4
4390    1
4391    3
4392    2
4393    3
4394    4
4395    4
4396    0
4397    2
4398    3
4399    4
4400    4
4401    3
4402    4
4403    2
4404    3
4405    3
4406    4
4407    4
4408    3
4409    3
4410    3
4411    3
4412    3
4413    4
4414    3
4415    4
4416    3
4417    3
4418    3
4419    3
4420    3
4421    4
4422    4
4423    2
4424    4
4425    2
4426    3
4427    3
4428    2
4429    3
4430    3
4431    2
4432    3
4433    3
4434    3
4435    3
4436    4
4437    4
4438    0
4439    3
4440    4
4441    2
4442    2
4443    3
4444    3
4445    4
4446    3
4447    4
4448    2
4449    4
4450    4
4451    4
4452    3
4453    3
4454    2
4455    3
4456    4
4457    3
4458    4
4459    4
4460    4
4461    3
4462    3
4463    3
4464    3
4465    4
4466    4
4467    4
4468    4
4469    2
4470    3
4471    4
4472    3
4473    3
4474    4
4475    3
4476    3
4477    4
4478    3
4479    3
4480    4
4481    3
4482    3
4483    2
4484    2
4485    3
4486    4
4487    3
4488    4
4489    3
4490    4
4491    2
4492    4
4493    3
4494    3
4495    3
4496    4
4497    3
4498    4
4499    3
4500    3
4501    4
4502    4
4503    2
4504    3
4505    2
4506    3
4507    3
4508    3
4509    3
4510    4
4511    4
4512    2
4513    3
4514    4
4515    3
4516    3
4517    1
4518    4
4519    3
4520    4
4521    3
4522    2
4523    4
4524    2
4525    3
4526    2
4527    3
4528    3
4529    3
4530    2
4531    3
4532    3
4533    3
4534    3
4535    2
4536    3
4537    4
4538    3
4539    3
4540    3
4541    4
4542    4
4543    3
4544    3
4545    3
4546    3
4547    3
4548    3
4549    4
4550    3
4551    4
4552    2
4553    0
4554    2
4555    3
4556    4
4557    3
4558    4
4559    4
4560    4
4561    3
4562    3
4563    2
4564    3
4565    2
4566    4
4567    3
4568    4
4569    3
4570    4
4571    3
4572    3
4573    2
4574    3
4575    4
4576    3
4577    2
4578    3
4579    4
4580    3
4581    3
4582    3
4583    3
4584    3
4585    3
4586    3
4587    4
4588    4
4589    3
4590    3
4591    4
4592    1
4593    3
4594    3
4595    3
4596    4
4597    3
4598    2
4599    2
4600    4
4601    3
4602    1
4603    4
4604    4
4605    3
4606    3
4607    3
4608    4
4609    4
4610    3
4611    4
4612    3
4613    4
4614    2
4615    4
4616    3
4617    1
4618    2
4619    3
4620    3
4621    2
4622    3
4623    2
4624    3
4625    4
4626    1
4627    3
4628    3
4629    4
4630    3
4631    3
4632    4
4633    4
4634    4
4635    2
4636    4
4637    4
4638    4
4639    4
4640    3
4641    3
4642    3
4643    3
4644    3
4645    3
4646    3
4647    3
4648    4
4649    4
4650    3
4651    4
4652    4
4653    4
4654    3
4655    1
4656    4
4657    4
4658    1
4659    3
4660    3
4661    4
4662    3
4663    2
4664    2
4665    3
4666    2
4667    2
4668    3
4669    1
4670    2
4671    3
4672    4
4673    4
4674    4
4675    3
4676    3
4677    3
4678    2
4679    3
4680    3
4681    4
4682    4
4683    4
4684    3
4685    4
4686    3
4687    3
4688    3
4689    4
4690    4
4691    4
4692    3
4693    4
4694    4
4695    2
4696    3
4697    3
4698    3
4699    2
4700    3
4701    2
4702    4
4703    2
4704    4
4705    2
4706    4
4707    3
4708    4
4709    2
4710    1
4711    2
4712    4
4713    1
4714    4
4715    4
4716    3
4717    2
4718    2
4719    3
4720    3
4721    4
4722    3
4723    2
4724    3
4725    3
4726    4
4727    3
4728    3
4729    4
4730    3
4731    3
4732    3
4733    3
4734    2
4735    4
4736    2
4737    2
4738    2
4739    3
4740    3
4741    4
4742    3
4743    3
4744    3
4745    2
4746    2
4747    4
4748    3
4749    3
4750    2
4751    3
4752    4
4753    4
4754    3
4755    3
4756    4
4757    3
4758    3
4759    3
4760    4
4761    3
4762    2
4763    4
4764    3
4765    4
4766    3
4767    3
4768    3
4769    2
4770    3
4771    3
4772    3
4773    3
4774    3
4775    2
4776    3
4777    3
4778    1
4779    3
4780    4
4781    3
4782    3
4783    3
4784    3
4785    1
4786    2
4787    2
4788    3
4789    3
4790    4
4791    4
4792    4
4793    2
4794    3
4795    2
4796    2
4797    3
4798    3
4799    3
4800    3
4801    4
4802    3
4803    2
4804    3
4805    3
4806    4
4807    3
4808    4
4809    2
4810    4
4811    1
4812    3
4813    3
4814    3
4815    2
4816    2
4817    3
4818    3
4819    2
4820    3
4821    3
4822    3
4823    2
4824    2
4825    3
4826    3
4827    3
4828    3
4829    2
4830    4
4831    2
4832    3
4833    3
4834    4
4835    3
4836    4
4837    3
4838    3
4839    2
4840    1
4841    2
4842    4
4843    4
4844    4
4845    4
4846    3
4847    3
4848    3
4849    3
4850    2
4851    3
4852    3
4853    2
4854    3
4855    3
4856    4
4857    4
4858    3
4859    1
4860    4
4861    2
4862    3
4863    4
4864    2
4865    3
4866    2
4867    4
4868    1
4869    3
4870    3
4871    1
4872    3
4873    4
4874    2
4875    3
4876    3
4877    4
4878    3
4879    2
4880    3
4881    3
4882    4
4883    2
4884    2
4885    2
4886    3
4887    1
4888    0
4889    4
4890    1
4891    3
4892    3
4893    4
4894    3
4895    2
4896    3
4897    3
4898    3
4899    1
4900    3
4901    3
4902    3
4903    3
4904    2
4905    3
4906    3
4907    3
4908    3
4909    3
4910    4
4911    4
4912    4
4913    3
4914    4
4915    4
4916    4
4917    4
4918    3
4919    3
4920    3
4921    3
4922    3
4923    4
4924    4
4925    4
4926    2
4927    2
4928    2
4929    3
4930    4
4931    4
4932    2
4933    2
4934    4
4935    4
4936    4
4937    2
4938    2
4939    3
4940    3
4941    3
4942    3
4943    4
4944    3
4945    4
4946    3
4947    4
4948    3
4949    3
4950    3
4951    2
4952    4
4953    2
4954    2
4955    4
4956    4
4957    3
4958    1
4959    3
4960    2
4961    4
4962    3
4963    3
4964    3
4965    4
4966    3
4967    3
4968    4
4969    2
4970    4
4971    1
4972    3
4973    4
4974    3
4975    3
4976    2
4977    3
4978    3
4979    2
4980    3
4981    3
4982    4
4983    2
4984    3
4985    2
4986    3
4987    4
4988    3
4989    3
4990    4
4991    2
4992    3
4993    3
4994    2
4995    3
4996    4
4997    4
4998    3
4999    3
5000    4
5001    3
5002    3
5003    3
5004    3
5005    3
5006    3
5007    3
5008    4
5009    3
5010    3
5011    2
5012    4
5013    4
5014    3
5015    3
5016    4
5017    4
5018    1
5019    3
5020    3
5021    4
5022    3
5023    4
5024    2
5025    3
5026    2
5027    3
5028    3
5029    3
5030    3
5031    3
5032    2
5033    2
5034    4
5035    3
5036    0
5037    3
5038    3
5039    3
5040    3
5041    3
5042    2
5043    4
5044    3
5045    2
5046    4
5047    4
5048    2
5049    3
5050    4
5051    3
5052    3
5053    4
5054    2
5055    3
5056    3
5057    3
5058    1
5059    3
5060    3
5061    3
5062    4
5063    3
5064    4
5065    4
5066    3
5067    4
5068    1
5069    4
5070    3
5071    2
5072    3
5073    3
5074    3
5075    4
5076    2
5077    3
5078    3
5079    3
5080    3
5081    2
5082    3
5083    3
5084    3
5085    3
5086    3
5087    1
5088    4
5089    2
5090    2
5091    4
5092    4
5093    3
5094    3
5095    4
5096    3
5097    3
5098    3
5099    2
5100    4
5101    4
5102    4
5103    2
5104    4
5105    3
5106    4
5107    3
5108    3
5109    3
5110    2
5111    2
5112    3
5113    3
5114    2
5115    4
5116    3
5117    3
5118    3
5119    3
5120    3
5121    3
5122    2
5123    3
5124    4
5125    4
5126    3
5127    4
5128    4
5129    1
5130    4
5131    3
5132    1
5133    4
5134    4
5135    4
5136    3
5137    4
5138    3
5139    4
5140    4
5141    2
5142    3
5143    3
5144    2
5145    3
5146    3
5147    3
5148    3
5149    2
5150    2
5151    3
5152    2
5153    2
5154    4
5155    2
5156    3
5157    3
5158    3
5159    1
5160    1
5161    3
5162    3
5163    1
5164    4
5165    2
5166    3
5167    3
5168    3
5169    3
5170    3
5171    3
5172    4
5173    3
5174    3
5175    2
5176    3
5177    4
5178    3
5179    4
5180    3
5181    4
5182    4
5183    3
5184    3
5185    4
5186    2
5187    4
5188    3
5189    3
5190    3
5191    3
5192    4
5193    4
5194    3
5195    3
5196    3
5197    2
5198    2
5199    3
5200    4
5201    4
5202    4
5203    3
5204    3
5205    3
5206    3
5207    3
5208    4
5209    4
5210    3
5211    4
5212    3
5213    4
5214    2
5215    4
5216    4
5217    4
5218    3
5219    2
5220    3
5221    2
5222    2
5223    1
5224    2
5225    1
5226    1
5227    3
5228    1
5229    3
5230    4
5231    3
5232    3
5233    3
5234    2
5235    2
5236    3
5237    2
5238    3
5239    3
5240    1
5241    3
5242    4
5243    4
5244    3
5245    4
5246    3
5247    4
5248    3
5249    3
5250    3
5251    3
5252    3
5253    3
5254    3
5255    3
5256    4
5257    4
5258    3
5259    3
5260    3
5261    1
5262    3
5263    4
5264    3
5265    4
5266    4
5267    3
5268    2
5269    3
5270    3
5271    3
5272    4
5273    4
5274    3
5275    4
5276    3
5277    4
5278    1
5279    3
5280    4
5281    2
5282    3
5283    3
5284    3
5285    3
5286    3
5287    3
5288    3
5289    3
5290    3
5291    4
5292    2
5293    3
5294    3
5295    4
5296    3
5297    1
5298    3
5299    3
5300    3
5301    2
5302    4
5303    3
5304    4
5305    4
5306    3
5307    2
5308    1
5309    2
5310    4
5311    2
5312    3
5313    0
5314    1
5315    4
5316    3
5317    1
5318    3
5319    3
5320    3
5321    3
5322    2
5323    2
5324    2
5325    4
5326    2
5327    3
5328    3
5329    1
5330    2
5331    1
5332    3
5333    3
5334    2
5335    4
5336    4
5337    3
5338    1
5339    4
5340    3
5341    1
5342    3
5343    4
5344    3
5345    2
5346    3
5347    3
5348    4
5349    4
5350    2
5351    3
5352    3
5353    4
5354    3
5355    3
5356    3
5357    3
5358    3
5359    2
5360    3
5361    3
5362    3
5363    3
5364    2
5365    2
5366    3
5367    4
5368    3
5369    3
5370    3
5371    2
5372    1
5373    4
5374    3
5375    2
5376    3
5377    4
5378    3
5379    1
5380    3
5381    2
5382    3
5383    4
5384    4
5385    3
5386    2
5387    4
5388    4
5389    3
5390    2
5391    3
5392    3
5393    3
5394    3
5395    3
5396    3
5397    3
5398    3
5399    2
5400    3
5401    4
5402    2
5403    4
5404    3
5405    2
5406    2
5407    3
5408    3
5409    2
5410    3
5411    3
5412    3
5413    2
5414    3
5415    3
5416    2
5417    4
5418    3
5419    1
5420    0
5421    4
5422    1
5423    4
5424    2
5425    4
5426    3
5427    3
5428    3
5429    2
5430    3
5431    3
5432    3
5433    3
5434    2
5435    1
5436    3
5437    4
5438    2
5439    3
5440    3
5441    3
5442    3
5443    4
5444    3
5445    3
5446    3
5447    4
5448    3
5449    4
5450    3
5451    3
5452    3
5453    1
5454    3
5455    2
5456    3
5457    3
5458    4
5459    1
5460    4
5461    3
5462    2
5463    2
5464    1
5465    3
5466    4
5467    3
5468    4
5469    2
5470    1
5471    4
5472    3
5473    4
5474    3
5475    0
5476    3
5477    3
5478    2
5479    4
5480    4
5481    3
5482    4
5483    2
5484    3
5485    4
5486    4
5487    3
5488    4
5489    3
5490    1
5491    4
5492    3
5493    3
5494    3
5495    3
5496    3
5497    3
5498    3
5499    4
5500    4
5501    4
5502    3
5503    3
5504    4
5505    4
5506    3
5507    3
5508    2
5509    2
5510    2
5511    3
5512    2
5513    3
5514    4
5515    3
5516    4
5517    3
5518    4
5519    1
5520    3
5521    2
5522    3
5523    2
5524    3
5525    4
5526    2
5527    4
5528    3
5529    3
5530    3
5531    3
5532    3
5533    4
5534    2
5535    3
5536    3
5537    4
5538    3
5539    2
5540    4
5541    4
5542    2
5543    3
5544    3
5545    2
5546    3
5547    3
5548    3
5549    3
5550    3
5551    3
5552    3
5553    2
5554    2
5555    3
5556    3
5557    2
5558    3
5559    2
5560    3
5561    3
5562    4
5563    0
5564    3
5565    2
5566    3
5567    3
5568    4
5569    4
5570    3
5571    4
5572    3
5573    4
5574    1
5575    2
5576    3
5577    4
5578    4
5579    3
5580    3
5581    2
5582    4
5583    3
5584    4
5585    2
5586    4
5587    4
5588    3
5589    2
5590    4
5591    1
5592    3
5593    2
5594    3
5595    4
5596    2
5597    1
5598    2
5599    4
5600    4
5601    1
5602    3
5603    4
5604    3
5605    4
5606    3
5607    4
5608    2
5609    4
5610    3
5611    1
5612    3
5613    4
5614    4
5615    0
5616    3
5617    3
5618    4
5619    4
5620    4
5621    3
5622    4
5623    1
5624    3
5625    4
5626    4
5627    3
5628    4
5629    3
5630    4
5631    2
5632    3
5633    4
5634    3
5635    3
5636    3
5637    4
5638    3
5639    4
5640    4
5641    4
5642    1
5643    2
5644    3
5645    1
5646    4
5647    1
5648    3
5649    4
5650    3
5651    3
5652    2
5653    4
5654    4
5655    3
5656    2
5657    3
5658    2
5659    3
5660    3
5661    4
5662    1
5663    3
5664    4
5665    2
5666    3
5667    3
5668    3
5669    3
5670    4
5671    4
5672    4
5673    4
5674    3
5675    3
5676    3
5677    3
5678    4
5679    4
5680    4
5681    3
5682    2
5683    1
5684    2
5685    1
5686    2
5687    1
5688    1
5689    0
5690    1
5691    1
5692    1
5693    0
5694    1
5695    2
5696    0
5697    1
5698    1
5699    1
5700    4
5701    0
5702    1
5703    1
5704    2
5705    1
5706    0
5707    0
5708    2
5709    0
5710    2
5711    0
5712    0
5713    1
5714    1
5715    0
5716    2
5717    1
5718    1
5719    1
5720    1
5721    0
5722    0
5723    2
5724    2
5725    2
5726    2
5727    0
5728    2
5729    1
5730    1
5731    0
5732    1
5733    0
5734    2
5735    2
5736    1
5737    1
5738    1
5739    1
5740    1
5741    1
5742    2
5743    3
5744    2
5745    1
5746    2
5747    1
5748    0
5749    0
5750    0
5751    1
5752    2
5753    1
5754    0
5755    0
5756    1
5757    0
5758    2
5759    0
5760    2
5761    0
5762    2
5763    1
5764    1
5765    0
5766    2
5767    2
5768    1
5769    0
5770    2
5771    0
5772    0
5773    1
5774    2
5775    1
5776    0
5777    1
5778    3
5779    1
5780    1
5781    1
5782    0
5783    1
5784    1
5785    3
5786    2
5787    1
5788    1
5789    3
5790    3
5791    1
5792    0
5793    1
5794    1
5795    2
5796    1
5797    2
5798    1
5799    2
5800    0
5801    1
5802    1
5803    2
5804    2
5805    0
5806    0
5807    1
5808    3
5809    3
5810    1
5811    0
5812    3
5813    0
5814    1
5815    0
5816    2
5817    0
5818    0
5819    2
5820    1
5821    0
5822    1
5823    1
5824    2
5825    0
5826    1
5827    0
5828    1
5829    1
5830    0
5831    2
5832    2
5833    1
5834    2
5835    2
5836    0
5837    3
5838    2
5839    1
5840    1
5841    0
5842    1
5843    3
5844    2
5845    0
5846    1
5847    3
5848    3
5849    2
5850    0
5851    0
5852    1
5853    1
5854    2
5855    0
5856    0
5857    1
5858    3
5859    2
5860    2
5861    1
5862    1
5863    2
5864    2
5865    3
5866    2
5867    1
5868    1
5869    1
5870    2
5871    0
5872    1
5873    1
5874    1
5875    3
5876    1
5877    2
5878    3
5879    1
5880    2
5881    1
5882    2
5883    1
5884    1
5885    0
5886    0
5887    1
5888    1
5889    2
5890    1
5891    2
5892    2
5893    0
5894    1
5895    3
5896    0
5897    2
5898    0
5899    0
5900    0
5901    2
5902    0
5903    1
5904    0
5905    2
5906    1
5907    1
5908    3
5909    1
5910    0
5911    2
5912    1
5913    1
5914    2
5915    1
5916    1
5917    1
5918    3
5919    0
5920    2
5921    1
5922    1
5923    2
5924    2
5925    1
5926    1
5927    2
5928    0
5929    2
5930    1
5931    1
5932    2
5933    3
5934    1
5935    2
5936    1
5937    1
5938    1
5939    1
5940    2
5941    1
5942    1
5943    2
5944    1
5945    1
5946    0
5947    0
5948    2
5949    2
5950    0
5951    0
5952    1
5953    3
5954    1
5955    1
5956    2
5957    3
5958    1
5959    0
5960    0
5961    2
5962    2
5963    1
5964    1
5965    0
5966    2
5967    2
5968    1
5969    0
5970    1
5971    1
5972    0
5973    0
5974    1
5975    2
5976    0
5977    0
5978    1
5979    1
5980    1
5981    0
5982    1
5983    1
5984    1
5985    2
5986    1
5987    1
5988    3
5989    4
5990    0
5991    1
5992    1
5993    2
5994    2
5995    1
5996    1
5997    2
5998    2
5999    2
6000    1
6001    1
6002    2
6003    0
6004    1
6005    1
6006    2
6007    1
6008    1
6009    0
6010    1
6011    1
6012    2
6013    1
6014    0
6015    0
6016    1
6017    1
6018    0
6019    1
6020    1
6021    2
6022    2
6023    1
6024    2
6025    0
6026    1
6027    2
6028    2
6029    2
6030    0
6031    2
6032    2
6033    2
6034    1
6035    1
6036    1
6037    0
6038    1
6039    0
6040    1
6041    1
6042    1
6043    1
6044    3
6045    2
6046    1
6047    0
6048    1
6049    0
6050    1
6051    1
6052    1
6053    0
6054    0
6055    3
6056    1
6057    1
6058    1
6059    2
6060    2
6061    1
6062    2
6063    0
6064    3
6065    1
6066    0
6067    0
6068    1
6069    3
6070    0
6071    2
6072    0
6073    0
6074    3
6075    2
6076    2
6077    2
6078    2
6079    1
6080    1
6081    0
6082    1
6083    1
6084    3
6085    2
6086    2
6087    0
6088    1
6089    1
6090    1
6091    0
6092    0
6093    2
6094    3
6095    1
6096    1
6097    2
6098    0
6099    1
6100    3
6101    2
6102    1
6103    4
6104    1
6105    0
6106    1
6107    0
6108    1
6109    1
6110    3
6111    0
6112    2
6113    1
6114    0
6115    1
6116    3
6117    0
6118    3
6119    1
6120    1
6121    1
6122    2
6123    0
6124    1
6125    2
6126    2
6127    0
6128    3
6129    0
6130    2
6131    4
6132    0
6133    3
6134    2
6135    0
6136    2
6137    1
6138    2
6139    2
6140    1
6141    1
6142    1
6143    0
6144    1
6145    3
6146    1
6147    0
6148    2
6149    1
6150    3
6151    3
6152    3
6153    1
6154    0
6155    1
6156    1
6157    1
6158    2
6159    0
6160    3
6161    0
6162    3
6163    2
6164    1
6165    2
6166    2
6167    3
6168    2
6169    0
6170    2
6171    1
6172    0
6173    0
6174    0
6175    2
6176    1
6177    2
6178    1
6179    1
6180    1
6181    2
6182    2
6183    0
6184    1
6185    2
6186    1
6187    0
6188    3
6189    1
6190    0
6191    0
6192    0
6193    1
6194    0
6195    0
6196    1
6197    1
6198    2
6199    0
6200    1
6201    2
6202    0
6203    1
6204    3
6205    2
6206    1
6207    3
6208    0
6209    1
6210    2
6211    0
6212    1
6213    0
6214    1
6215    0
6216    1
6217    0
6218    0
6219    1
6220    2
6221    0
6222    1
6223    2
6224    1
6225    1
6226    2
6227    4
6228    1
6229    1
6230    4
6231    2
6232    1
6233    2
6234    1
6235    1
6236    2
6237    1
6238    1
6239    2
6240    1
6241    0
6242    2
6243    3
6244    1
6245    0
6246    0
6247    2
6248    3
6249    3
6250    1
6251    1
6252    2
6253    1
6254    2
6255    1
6256    1
6257    0
6258    1
6259    0
6260    1
6261    2
6262    1
6263    1
6264    2
6265    1
6266    0
6267    1
6268    2
6269    3
6270    3
6271    2
6272    1
6273    0
6274    1
6275    1
6276    0
6277    2
6278    2
6279    1
6280    1
6281    1
6282    1
6283    2
6284    0
6285    2
6286    2
6287    4
6288    0
6289    2
6290    1
6291    4
6292    1
6293    1
6294    1
6295    1
6296    1
6297    1
6298    1
6299    1
6300    3
6301    1
6302    0
6303    2
6304    0
6305    2
6306    0
6307    0
6308    1
6309    1
6310    0
6311    1
6312    2
6313    1
6314    3
6315    0
6316    3
6317    0
6318    0
6319    0
6320    0
6321    0
6322    0
6323    3
6324    1
6325    1
6326    2
6327    0
6328    2
6329    0
6330    1
6331    0
6332    1
6333    1
6334    1
6335    0
6336    2
6337    1
6338    0
6339    0
6340    2
6341    0
6342    0
6343    1
6344    1
6345    0
6346    0
6347    2
6348    2
6349    1
6350    0
6351    1
6352    3
6353    1
6354    0
6355    2
6356    1
6357    1
6358    0
6359    0
6360    0
6361    1
6362    1
6363    1
6364    2
6365    1
6366    2
6367    2
6368    0
6369    1
6370    0
6371    1
6372    0
6373    2
6374    2
6375    1
6376    1
6377    1
6378    1
6379    2
6380    1
6381    1
6382    2
6383    2
6384    1
6385    0
6386    0
6387    0
6388    2
6389    0
6390    3
6391    1
6392    1
6393    1
6394    1
6395    1
6396    1
6397    2
6398    2
6399    1
6400    0
6401    1
6402    0
6403    0
6404    0
6405    1
6406    2
6407    1
6408    1
6409    1
6410    1
6411    1
6412    1
6413    1
6414    1
6415    2
6416    1
6417    2
6418    2
6419    1
6420    1
6421    0
6422    1
6423    1
6424    3
6425    0
6426    3
6427    1
6428    3
6429    0
6430    0
6431    1
6432    1
6433    1
6434    1
6435    1
6436    1
6437    1
6438    0
6439    3
6440    2
6441    2
6442    2
6443    1
6444    0
6445    1
6446    1
6447    0
6448    1
6449    0
6450    0
6451    0
6452    1
6453    1
6454    1
6455    1
6456    1
6457    1
6458    3
6459    1
6460    1
6461    0
6462    2
6463    1
6464    3
6465    2
6466    0
6467    1
6468    1
6469    1
6470    1
6471    2
6472    1
6473    2
6474    1
6475    2
6476    0
6477    0
6478    1
6479    2
6480    1
6481    1
6482    1
6483    0
6484    2
6485    0
6486    1
6487    0
6488    1
6489    1
6490    1
6491    0
6492    1
6493    1
6494    1
6495    0
6496    1
6497    0
6498    0
6499    0
6500    0
6501    4
6502    1
6503    1
6504    2
6505    2
6506    0
6507    1
6508    2
6509    1
6510    2
6511    0
6512    0
6513    1
6514    3
6515    2
6516    0
6517    0
6518    2
6519    1
6520    0
6521    0
6522    1
6523    1
6524    1
6525    1
6526    2
6527    1
6528    0
6529    2
6530    1
6531    0
6532    0
6533    1
6534    0
6535    3
6536    1
6537    2
6538    1
6539    2
6540    1
6541    1
6542    0
6543    0
6544    2
6545    2
6546    2
6547    0
6548    3
6549    1
6550    1
6551    2
6552    0
6553    2
6554    1
6555    1
6556    2
6557    2
6558    0
6559    0
6560    1
6561    1
6562    0
6563    1
6564    1
6565    1
6566    1
6567    1
6568    0
6569    1
6570    1
6571    2
6572    2
6573    2
6574    1
6575    0
6576    2
6577    0
6578    2
6579    0
6580    1
6581    2
6582    2
6583    0
6584    3
6585    1
6586    1
6587    1
6588    2
6589    1
6590    1
6591    2
6592    2
6593    0
6594    0
6595    2
6596    1
6597    3
6598    0
6599    0
6600    0
6601    1
6602    0
6603    1
6604    1
6605    0
6606    1
6607    1
6608    1
6609    1
6610    2
6611    2
6612    2
6613    2
6614    1
6615    1
6616    0
6617    1
6618    1
6619    2
6620    0
6621    2
6622    1
6623    0
6624    2
6625    2
6626    1
6627    2
6628    1
6629    2
6630    2
6631    1
6632    2
6633    1
6634    1
6635    2
6636    0
6637    2
6638    2
6639    0
6640    1
6641    0
6642    4
6643    0
6644    3
6645    1
6646    1
6647    1
6648    3
6649    1
6650    1
6651    0
6652    2
6653    0
6654    3
6655    2
6656    1
6657    1
6658    0
6659    1
6660    3
6661    0
6662    1
6663    1
6664    1
6665    1
6666    0
6667    1
6668    1
6669    3
6670    0
6671    2
6672    2
6673    0
6674    1
6675    0
6676    2
6677    0
6678    1
6679    2
6680    2
6681    0
6682    1
6683    1
6684    0
6685    2
6686    1
6687    1
6688    1
6689    2
6690    2
6691    1
6692    3
6693    2
6694    2
6695    2
6696    2
6697    0
6698    2
6699    0
6700    0
6701    0
6702    2
6703    1
6704    2
6705    0
6706    2
6707    1
6708    1
6709    1
6710    2
6711    1
6712    0
6713    1
6714    1
6715    1
6716    1
6717    3
6718    1
6719    0
6720    3
6721    2
6722    1
6723    1
6724    3
6725    1
6726    3
6727    1
6728    1
6729    1
6730    1
6731    2
6732    1
6733    1
6734    0
6735    1
6736    1
6737    2
6738    1
6739    2
6740    2
6741    1
6742    1
6743    1
6744    1
6745    1
6746    1
6747    2
6748    2
6749    2
6750    1
6751    2
6752    1
6753    2
6754    0
6755    0
6756    0
6757    1
6758    2
6759    1
6760    2
6761    2
6762    2
6763    1
6764    1
6765    0
6766    2
6767    1
6768    1
6769    3
6770    0
6771    0
6772    1
6773    0
6774    1
6775    2
6776    0
6777    3
6778    1
6779    1
6780    0
6781    1
6782    1
6783    2
6784    1
6785    0
6786    1
6787    1
6788    1
6789    1
6790    2
6791    1
6792    2
6793    2
6794    1
6795    1
6796    1
6797    0
6798    2
6799    1
6800    1
6801    1
6802    2
6803    0
6804    0
6805    0
6806    1
6807    1
6808    1
6809    1
6810    1
6811    2
6812    1
6813    2
6814    2
6815    2
6816    2
6817    0
6818    1
6819    2
6820    1
6821    1
6822    1
6823    2
6824    1
6825    2
6826    1
6827    1
6828    1
6829    2
6830    1
6831    1
6832    1
6833    1
6834    1
6835    1
6836    1
6837    1
6838    2
6839    1
6840    1
6841    1
6842    2
6843    0
6844    2
6845    1
6846    1
6847    1
6848    0
6849    1
6850    2
6851    2
6852    1
6853    1
6854    1
6855    1
6856    0
6857    1
6858    0
6859    0
6860    1
6861    0
6862    1
6863    1
6864    2
6865    2
6866    1
6867    2
6868    1
6869    1
6870    1
6871    1
6872    0
6873    1
6874    1
6875    0
6876    1
6877    1
6878    0
6879    1
6880    0
6881    1
6882    0
6883    1
6884    1
6885    1
6886    1
6887    1
6888    2
6889    1
6890    1
6891    0
6892    1
6893    0
6894    1
6895    2
6896    2
6897    1
6898    2
6899    2
6900    3
6901    2
6902    1
6903    1
6904    1
6905    1
6906    1
6907    1
6908    1
6909    0
6910    1
6911    0
6912    1
6913    1
6914    1
6915    1
6916    1
6917    2
6918    0
6919    2
6920    1
6921    0
6922    1
6923    0
6924    1
6925    1
6926    1
6927    1
6928    1
6929    1
6930    1
6931    0
6932    1
6933    3
6934    0
6935    2
6936    0
6937    0
6938    0
6939    1
6940    1
6941    0
6942    1
6943    3
6944    1
6945    2
6946    1
6947    1
6948    0
6949    1
6950    2
6951    1
6952    0
6953    2
6954    1
6955    1
6956    4
6957    1
6958    2
6959    0
6960    2
6961    0
6962    2
6963    3
6964    0
6965    1
6966    1
6967    2
6968    2
6969    0
6970    1
6971    1
6972    2
6973    1
6974    1
6975    0
6976    1
6977    1
6978    2
6979    2
6980    1
6981    1
6982    0
6983    2
6984    2
6985    1
6986    2
6987    1
6988    1
6989    1
6990    1
6991    1
6992    1
6993    1
6994    0
6995    1
6996    1
6997    0
6998    1
6999    1
7000    2
7001    3
7002    1
7003    1
7004    1
7005    0
7006    3
7007    1
7008    0
7009    0
7010    0
7011    0
7012    1
7013    0
7014    0
7015    3
7016    1
7017    0
7018    1
7019    0
7020    0
7021    1
7022    1
7023    1
7024    1
7025    1
7026    0
7027    1
7028    1
7029    0
7030    1
7031    0
7032    2
7033    1
7034    0
7035    0
7036    2
7037    1
7038    0
7039    1
7040    2
7041    0
7042    1
7043    2
7044    0
7045    3
7046    1
7047    0
7048    1
7049    1
7050    1
7051    1
7052    1
7053    4
7054    1
7055    0
7056    2
7057    2
7058    1
7059    1
7060    1
7061    1
7062    1
7063    1
7064    1
7065    2
7066    0
7067    1
7068    2
7069    1
7070    3
7071    1
7072    0
7073    1
7074    0
7075    1
7076    1
7077    1
7078    1
7079    2
7080    1
7081    1
7082    0
7083    1
7084    0
7085    1
7086    2
7087    2
7088    1
7089    1
7090    1
7091    0
7092    2
7093    1
7094    0
7095    2
7096    0
7097    2
7098    1
7099    0
7100    3
7101    1
7102    0
7103    1
7104    2
7105    0
7106    1
7107    1
7108    0
7109    1
7110    0
7111    1
7112    1
7113    1
7114    0
7115    1
7116    1
7117    0
7118    2
7119    1
7120    1
7121    1
7122    1
7123    1
7124    0
7125    2
7126    1
7127    1
7128    1
7129    1
7130    2
7131    2
7132    0
7133    2
7134    3
7135    2
7136    1
7137    1
7138    1
7139    2
7140    1
7141    1
7142    0
7143    1
7144    0
7145    1
7146    1
7147    2
7148    2
7149    1
7150    0
7151    0
7152    2
7153    1
7154    0
7155    1
7156    2
7157    0
7158    1
7159    0
7160    1
7161    1
7162    1
7163    3
7164    1
7165    2
7166    1
7167    1
7168    1
7169    3
7170    2
7171    1
7172    1
7173    2
7174    1
7175    2
7176    1
7177    1
7178    1
7179    0
7180    0
7181    0
7182    4
7183    2
7184    2
7185    1
7186    1
7187    1
7188    2
7189    2
7190    0
7191    1
7192    3
7193    0
7194    0
7195    1
7196    1
7197    3
7198    1
7199    2
7200    2
7201    1
7202    2
7203    1
7204    0
7205    0
7206    0
7207    1
7208    1
7209    1
7210    1
7211    2
7212    2
7213    2
7214    2
7215    2
7216    0
7217    1
7218    2
7219    2
7220    1
7221    0
7222    0
7223    2
7224    0
7225    0
7226    1
7227    1
7228    1
7229    1
7230    1
7231    1
7232    0
7233    3
7234    1
7235    1
7236    2
7237    0
7238    1
7239    2
7240    1
7241    1
7242    1
7243    2
7244    2
7245    0
7246    0
7247    2
7248    2
7249    1
7250    2
7251    3
7252    2
7253    1
7254    1
7255    1
7256    1
7257    0
7258    1
7259    1
7260    1
7261    1
7262    2
7263    1
7264    0
7265    1
7266    1
7267    1
7268    3
7269    1
7270    1
7271    1
7272    3
7273    4
7274    1
7275    1
7276    2
7277    0
7278    0
7279    1
7280    1
7281    2
7282    2
7283    3
7284    1
7285    3
7286    2
7287    0
7288    2
7289    1
7290    1
7291    0
7292    2
7293    2
7294    2
7295    0
7296    2
7297    1
7298    1
7299    1
7300    1
7301    2
7302    1
7303    2
7304    2
7305    1
7306    3
7307    1
7308    1
7309    0
7310    1
7311    0
7312    1
7313    3
7314    2
7315    1
7316    1
7317    1
7318    3
7319    2
7320    1
7321    1
7322    1
7323    0
7324    1
7325    0
7326    2
7327    1
7328    1
7329    0
7330    1
7331    0
7445    1
7593    1
7594    3
7595    1
7596    1
7652    0
7668    0
7669    1
7699    0
7708    1
7709    0
7725    3
7726    1
7778    1
7779    0
7780    1
7781    1
7865    1
7942    0
8031    1
8032    0
8033    1
8034    1
8091    1
8092    0
8107    0
8108    1
8128    1
8200    0
8201    1
8202    1
8228    0
8334    1
8340    2
8341    1
8342    1
8514    2
8515    0
8516    1
8517    1
8518    1
8519    0
8601    2
8602    1
8639    1
8668    0
8716    1
8810    0
9013    0
9024    2
9061    0
9063    0
9077    1
9078    1
9079    1
9080    0
9081    0
9082    1
9083    3
9084    1
9085    2
9086    1
9087    0
9088    1
9089    1
9090    0
9091    1
9092    2
9093    3
9094    0
9095    1
9096    3
9097    0
9098    2
9099    2
9100    1
9101    3
9102    1
9103    1
9104    0
9105    3
9106    1
9107    1
9108    0
9109    0
9110    1
9111    0
9112    1
9113    1
9114    1
9115    1
9116    0
9117    1
9118    0
9119    2
9120    0
9121    0
9122    0
9123    0
9124    1
9125    1
9126    1
9127    1
9128    0
9129    1
9130    2
9131    2
9132    1
9133    2
9134    1
9135    1
9136    1
9137    1
9138    1
9139    0
9140    0
9141    2
9142    2
9143    1
9144    0
9145    0
9146    2
9147    3
9148    2
9149    0
9150    2
9151    1
9152    0
9153    2
9154    2
9155    0
9156    0
9157    1
9158    1
9159    1
9160    0
9161    1
9162    1
9163    0
9164    0
9165    1
9166    3
9167    1
9168    2
9169    4
9170    1
9171    2
9172    2
9173    0
9174    1
9175    1
9176    0
9177    1
9178    1
9179    1
9180    2
9181    2
9182    0
9183    1
9184    1
9185    1
9186    0
9187    1
9188    0
9189    1
9190    1
9191    1
9192    2
9193    1
9194    1
9195    0
9196    1
9197    1
9198    0
9199    3
9200    2
9201    2
9202    1
9203    3
9204    4
9205    1
9206    1
9207    1
9208    1
9209    1
9210    1
9211    0
9212    2
9213    1
9214    1
9215    0
9216    1
9217    1
9218    1
9219    1
9220    3
9221    1
9222    1
9223    1
9224    2
9225    1
9226    4
9227    1
9228    1
9229    1
9230    2
9231    1
9232    1
9233    2
9234    1
9235    1
9236    1
9237    1
9238    0
9239    0
9240    1
9241    1
9242    0
9243    1
9244    1
9245    1
9246    0
9247    0
9248    1
9249    2
9250    1
9251    1
9252    0
9253    1
9254    0
9255    2
9256    0
9257    0
9258    2
9259    1
9260    1
9261    1
9262    2
9263    1
9264    4
9265    2
9266    1
9267    3
9268    2
9269    0
9270    2
9271    2
9272    0
9273    0
9274    1
9275    3
9276    1
9277    1
9278    0
9279    1
9280    1
9281    2
9282    2
9283    1
9284    2
9285    0
9286    1
9287    1
9288    2
9289    2
9290    1
9291    1
9292    1
9293    0
9294    0
9295    2
9296    1
9297    2
9298    1
9299    2
9300    2
9301    2
9302    0
9303    1
9304    1
9305    1
9306    2
9307    1
9308    1
9309    0
9310    1
9311    1
9312    2
9313    0
9314    1
9315    0
9316    0
9317    1
9318    1
9319    2
9320    2
9321    1
9322    1
9323    0
9324    1
9325    2
9326    0
9327    2
9328    2
9329    1
9330    0
9331    1
9332    0
9333    2
9334    1
9335    0
9336    3
9337    1
9338    1
9339    2
9340    2
9341    0
9342    1
9343    2
9344    2
9345    1
9346    1
9347    0
9348    0
9349    0
9350    1
9351    2
9352    1
9353    3
9354    3
9355    0
9356    0
9357    1
9358    0
9359    2
9360    2
9361    2
9362    2
9363    1
9364    2
9365    1
9366    2
9367    1
9368    0
9369    0
9370    1
9371    1
9372    0
9373    0
9374    1
9375    1
9376    1
9377    3
9378    1
9379    1
9380    1
9381    1
9382    1
9383    2
9384    1
9385    0
9386    3
9387    1
9388    1
9389    1
9390    2
9391    2
9392    2
9393    1
9394    1
9395    2
9396    2
9397    0
9398    3
9399    1
9400    0
9401    1
9402    1
9403    1
9404    3
9405    0
9406    1
9407    0
9408    0
9409    1
9410    0
9411    1
9412    1
9413    0
9414    0
9415    2
9416    1
9417    1
9418    1
9419    1
9420    1
9421    0
9422    1
9423    1
9424    1
9425    1
9426    0
9427    2
9428    1
9429    0
9430    1
9431    1
9432    0
9433    1
9434    1
9435    2
9436    1
9437    3
9438    1
9439    0
9440    1
9441    2
9442    2
9443    0
9444    2
9445    1
9446    0
9447    0
9448    1
9449    2
9450    0
9451    1
9452    2
9453    2
9454    1
9455    1
9456    3
9457    1
9458    1
9459    2
9460    1
9461    0
9462    2
9463    2
9464    2
9465    1
9466    1
9467    2
9468    0
9469    0
9470    2
9471    1
9472    3
9473    1
9474    3
9475    2
9476    2
9477    0
9478    0
9479    3
9480    4
9481    0
9482    3
9483    0
9484    0
9485    2
9486    1
9487    1
9488    1
9489    1
9490    2
9491    0
9492    1
9493    2
9494    2
9495    2
9496    2
9497    2
9498    1
9499    2
9500    0
9501    2
9502    1
9503    1
9504    1
9505    0
9506    0
9507    2
9508    2
9509    2
9510    1
9511    0
9512    1
9513    2
9514    1
9515    1
9516    0
9517    1
9518    2
9519    1
9520    2
9521    2
9522    2
9523    2
9524    2
9525    0
9526    1
9527    2
9528    1
9529    2
9530    0
9531    1
9532    1
9533    1
9534    2
9535    1
9536    1
9537    1
9538    0
9539    0
9540    1
9541    0
9542    0
9543    1
9544    1
9545    1
9546    1
9547    0
9548    2
9549    0
9550    2
9551    1
9552    1
9553    2
9554    1
9555    1
9556    1
9557    1
9558    2
9559    0
9560    1
9561    1
9562    0
9563    0
9564    0
9565    1
9566    2
9567    2
9568    1
9569    1
9570    1
9571    0
9572    0
9573    1
9574    1
9575    1
9576    2
9577    1
9578    0
9579    1
9580    1
9581    1
9582    3
9583    1
9584    2
9585    2
9586    2
9587    1
9588    1
9589    2
9590    0
9591    1
9592    1
9593    1
9594    1
9595    2
9596    0
9597    1
9598    2
9599    0
9600    2
9601    1
9602    2
9603    2
9604    1
9605    0
9606    2
9607    1
9608    2
9609    1
9610    3
9611    1
9612    2
9613    1
9614    1
9615    1
9616    0
9617    1
9618    0
9619    1
9620    0
9621    1
9622    2
9623    1
9624    1
9625    0
9626    1
9627    1
9628    1
9629    1
9630    0
9631    2
9632    1
9633    1
9634    0
9635    4
9636    3
9637    0
9638    1
9639    3
9640    2
9641    0
9642    0
9643    1
9644    0
9645    1
9646    1
9647    0
9648    1
9649    1
9650    1
9651    0
9652    0
9653    1
9654    3
9655    1
9656    1
9657    1
9658    2
9659    1
9660    2
9661    1
9662    0
9663    0
9664    2
9665    0
9666    2
9667    1
9668    2
9669    1
9670    1
9671    1
9672    0
9673    1
9674    2
9675    1
9676    0
9677    1
9678    3
9679    2
9680    0
9681    0
9682    0
9683    0
9684    0
9685    1
9686    2
9687    1
9688    1
9689    1
9690    0
9691    0
9692    0
9693    1
9694    1
9695    0
9696    0
9697    2
9698    2
9699    2
9700    2
9701    1
9702    0
9703    0
9704    2
9705    1
9706    0
9707    2
9708    2
9709    1
9710    1
9711    2
9712    2
9713    2
9714    1
9715    0
9716    2
9717    2
9718    0
9719    3
9720    1
9721    1
9722    3
9723    1
9724    2
9725    4
9726    2
9727    0
9728    2
9729    2
9730    2
9731    0
9732    1
9733    0
9734    1
9735    0
9736    1
9737    2
9738    1
9739    1
9740    2
9741    0
9742    1
9743    1
9744    1
9745    3
9746    0
9747    0
9748    1
9749    0
9750    1
9751    0
9752    1
9753    4
9754    0
9755    2
9756    0
9757    1
9758    1
9759    1
9760    2
9761    1
9762    3
9763    2
9764    2
9765    1
9766    1
9767    1
9768    2
9769    0
9770    1
9771    2
9772    2
9773    0
9774    1
9775    1
9776    1
9777    1
9778    2
9779    1
9780    3
9781    2
9782    4
9783    0
9784    3
9785    2
9786    1
9787    3
9788    1
9789    0
9790    2
9791    0
9792    0
9793    1
9794    0
9795    2
9796    1
9797    1
9798    1
9799    2
9800    1
9801    1
9802    0
9803    0
9804    1
9805    1
9806    1
9807    0
9808    2
9809    0
9810    2
9811    0
9812    1
9813    1
9814    1
9815    1
9816    1
9817    1
9818    2
9819    2
9820    2
9821    1
9822    3
9823    1
9824    2
9825    0
9826    1
9827    2
9828    1
9829    1
9830    2
9831    3
9832    1
9833    0
9834    0
9835    1
9836    1
9837    3
9838    0
9839    0
9840    1
9841    1
9842    1
9843    1
9844    3
9845    0
9846    1
9847    2
9848    1
9849    1
9850    1
9851    1
9852    0
9853    0
9854    2
9855    1
9856    0
9857    0
9858    1
9859    2
9860    1
9861    1
9862    2
9863    2
9864    1
9865    1
9866    1
9867    1
9868    2
9869    1
9870    2
9871    3
9872    2
9873    2
9874    1
9875    1
9876    2
9877    2
9878    2
9879    1
9880    1
9881    1
9882    2
9883    1
9884    2
9885    0
9886    0
9887    1
9888    2
9889    3
9890    1
9891    1
9892    2
9893    2
9894    0
9895    2
9896    1
9897    1
9898    2
9899    2
9900    1
9901    0
9902    0
9903    2
9904    1
9905    0
9906    1
9907    0
9908    2
9909    1
9910    0
9911    1
9912    2
9913    1
9914    1
9915    1
9916    1
9917    0
9918    0
9919    1
9920    0
9921    0
9922    0
9923    2
9924    1
9925    2
9926    1
9927    0
9928    3
9929    1
9930    1
9931    1
9932    1
9933    0
9934    1
9935    1
9936    2
9937    1
9938    0
9939    0
9940    0
9941    1
9942    2
9943    1
9944    1
9945    1
9946    1
9947    1
9948    1
9949    4
9950    1
9951    2
9952    3
9953    1
9954    1
9955    2
9956    1
9957    3
9958    1
9959    1
9960    2
9961    2
9962    3
9963    1
9964    1
9965    0
9966    3
9967    0
9968    2
9969    1
9970    1
9971    1
9972    1
9973    1
9974    1
9975    1
9976    1
9977    0
9978    0
9979    1
9980    0
9981    0
9982    2
9983    1
9984    1
9985    3
9986    1
9987    2
9988    1
9989    1
9990    1
9991    1
9992    1
9993    1
9994    1
9995    1
9996    1
9997    2
9998    1
9999    1
10000    1
10001    0
10002    1
10003    2
10004    1
10005    1
10006    1
10007    0
10008    1
10009    1
10010    0
10011    0
10012    0
10013    1
10014    1
10015    1
10016    1
10017    2
10018    2
10019    2
10020    1
10021    0
10022    1
10023    2
10024    3
10025    1
10026    1
10027    2
10028    1
10029    1
10030    0
10031    2
10032    2
10033    0
10034    3
10035    4
10036    1
10037    0
10038    0
10039    1
10040    1
10041    0
10042    0
10043    0
10044    2
10045    0
10046    1
10047    0
10048    0
10049    3
10050    1
10051    3
10052    1
10053    0
10054    1
10055    2
10056    2
10057    1
10058    2
10059    1
10060    3
10061    2
10062    2
10063    3
10064    2
10065    2
10066    1
10067    1
10068    1
10069    0
10070    1
10071    1
10072    1
10073    2
10074    1
10075    1
10076    1
10077    1
10078    1
10079    1
10080    1
10081    0
10082    1
10083    1
10084    1
10085    1
10086    1
10087    0
10088    1
10089    2
10090    1
10091    0
10092    0
10093    1
10094    1
10095    1
10096    3
10097    1
10098    0
10099    0
10100    1
10101    1
10102    1
10103    1
10104    1
10105    0
10106    2
10107    2
10108    2
10109    1
10110    0
10111    0
10112    2
10113    1
10114    1
10115    1
10116    3
10117    1
10118    1
10119    2
10120    2
10121    1
10122    0
10123    1
10124    1
10125    2
10126    1
10127    0
10128    1
10129    2
10130    1
10131    2
10132    1
10133    0
10134    1
10135    2
10136    1
10137    1
10138    0
10139    1
10140    2
10141    0
10142    2
10143    0
10144    0
10145    0
10146    0
10147    2
10148    1
10149    2
10150    2
10151    0
10152    1
10153    1
10154    0
10155    3
10156    3
10157    0
10158    2
10159    0
10160    1
10161    2
10162    1
10163    1
10164    1
10165    1
10166    3
10167    1
10168    0
10169    1
10170    0
10171    1
10172    1
10173    2
10174    1
10175    2
10176    0
10177    2
10178    0
10179    1
10180    2
10181    1
10182    1
10183    1
10184    2
10185    0
10186    2
10187    1
10188    1
10189    1
10190    0
10191    1
10192    1
10193    3
10194    0
10195    2
10196    0
10197    1
10198    1
10199    1
10200    1
10201    0
10202    1
10203    2
10204    1
10205    1
10206    1
10207    1
10208    0
10209    2
10210    1
10211    2
10212    0
10213    2
10214    1
10215    0
10216    1
10217    2
10218    0
10219    2
10220    0
10221    0
10222    2
10223    0
10224    0
10225    0
10226    1
10227    1
10228    1
10229    0
10230    1
10231    1
10232    1
10233    0
10234    1
10235    3
10236    0
10237    0
10238    1
10239    2
10240    1
10241    1
10242    0
10243    1
10244    0
10245    2
10246    1
10247    2
10248    1
10249    1
10250    0
10251    1
10252    1
10253    1
10254    0
10255    1
10256    0
10257    1
10258    2
10259    2
10260    1
10261    1
10262    0
10263    0
10264    1
10265    2
10266    1
10267    0
10268    1
10269    2
10270    1
10271    1
10272    1
10273    1
10274    1
10275    0
10276    0
10277    1
10278    1
10279    2
10280    1
10281    1
10282    2
10283    0
10284    0
10285    1
10286    1
10287    2
10288    2
10289    3
10290    2
10291    1
10292    2
10293    1
10294    1
10295    1
10296    0
10297    1
10298    1
10299    1
10300    2
10301    2
10302    1
10303    1
10304    1
10305    1
10306    1
10307    0
10308    0
10309    2
10310    0
10311    1
10312    1
10313    1
10314    1
10315    1
10316    1
10317    2
10318    1
10319    0
10320    2
10321    1
10322    3
10323    1
10324    2
10325    1
10326    0
10327    2
10328    0
10329    2
10330    1
10331    1
10332    1
10333    0
10334    1
10335    0
10336    0
10337    0
10338    0
10339    1
10340    1
10341    1
10342    1
10343    1
10344    1
10345    1
10346    0
10347    2
10348    0
10349    1
10350    1
10351    1
10352    0
10353    0
10354    1
10355    1
10356    3
10357    2
10358    2
10359    0
10360    1
10361    2
10362    2
10363    2
10364    2
10365    3
10366    2
10367    1
10368    0
10369    1
10370    3
10371    1
10372    4
10373    3
10374    1
10375    0
10376    2
10377    0
10378    0
10379    0
10380    3
10381    2
10382    0
10383    2
10384    0
10385    0
10386    2
10387    1
10388    0
10389    1
10390    1
10391    1
10392    2
10393    1
10394    0
10395    1
10396    2
10397    1
10398    0
10399    0
10400    1
10401    0
10402    2
10403    2
10404    1
10405    0
10406    0
10407    2
10408    1
10409    1
10410    1
10411    1
10412    1
10413    1
10414    1
10415    0
10416    0
10417    3
10418    1
10419    1
10420    1
10421    1
10422    1
10423    2
10424    0
10425    1
10426    0
10427    1
10428    1
10429    2
10430    0
10431    1
10432    0
10433    1
10434    0
10435    1
10436    0
10437    2
10438    0
10439    1
10440    0
10441    0
10442    1
10443    0
10444    2
10445    2
10446    0
10447    1
10448    2
10449    1
10450    2
10451    2
10452    1
10453    1
10454    1
10455    1
10456    0
10457    2
10458    2
10459    2
10460    1
10461    1
10462    1
10463    2
10464    1
10465    1
10466    0
10467    0
10468    2
10469    1
10470    0
10471    0
10472    1
10473    0
10474    0
10475    1
10476    2
10477    1
10478    1
10479    2
10480    1
10481    0
10482    1
10483    1
10484    0
10485    1
10486    2
10487    1
10488    1
10489    1
10490    2
10491    1
10492    2
10493    0
10494    2
10495    1
10496    1
10497    0
10498    1
10499    2
10500    2
10501    1
10502    2
10503    1
10504    1
10505    1
10506    1
10507    2
10508    3
10509    1
10510    1
10511    1
10512    1
10513    3
10514    1
10515    1
10516    1
10517    1
10518    2
10519    1
10520    0
10521    2
10522    1
10523    1
10524    2
10525    2
10526    0
10527    1
10528    2
10529    1
10530    2
10531    0
10532    0
10533    1
10534    1
10535    0
10536    1
10537    1
10538    1
10539    2
10540    2
10541    3
10542    0
10543    2
10544    0
10545    4
10546    0
10547    0
10548    1
10549    1
10550    2
10551    2
10552    3
10553    0
10554    3
10555    1
10556    1
10557    0
10558    2
10559    1
10560    1
10561    0
10562    0
10563    1
10564    2
10565    0
10566    1
10567    0
10568    1
10569    1
10570    1
10571    0
10572    2
10573    2
10574    1
10575    1
10576    1
10577    1
10578    1
10579    3
10580    0
10581    2
10582    0
10583    0
10584    1
10585    1
10586    0
10587    3
10588    2
10589    0
10590    1
10591    3
10592    1
10593    1
10594    0
10595    2
10596    3
10597    1
10598    0
10599    2
10600    0
10601    1
10602    2
10603    1
10604    0
10605    1
10606    0
10607    4
10608    2
10609    1
10610    1
10611    1
10612    1
10613    2
10614    2
10615    2
10616    1
10617    1
10618    0
10619    1
10620    0
10621    1
10622    1
10623    1
10624    0
10625    1
10626    1
10627    1
10628    2
10629    2
10630    0
10631    0
10632    2
10633    1
10634    1
10635    3
10636    1
10637    0
10638    0
10639    1
10640    3
10641    0
10642    0
10643    1
10644    0
10645    1
10646    2
10647    2
10648    1
10649    1
10650    1
10651    1
10652    1
10653    1
10654    1
10655    1
10656    1
10657    1
10658    3
10659    1
10660    1
10661    1
10662    0
10663    0
10664    1
10665    1
10666    2
10667    0
10668    0
10669    0
10670    1
10671    1
10672    1
10673    0
10674    1
10675    1
10676    0
10677    1
10678    1
10679    2
10680    0
10681    1
10682    0
10683    1
10684    0
10685    1
10686    2
10687    1
10688    1
10689    1
10690    1
10691    1
10692    2
10693    0
10694    1
10695    0
10696    3
10697    2
10698    1
10699    1
10700    2
10701    1
10702    2
10703    1
10704    2
10705    0
10706    1
10707    1
10708    1
10709    3
10710    1
10711    0
10712    1
10713    0
10714    1
10715    0
10716    1
10717    0
10718    1
10719    1
10720    1
10721    1
10722    1
10723    1
10724    1
10725    2
10726    2
10727    1
10728    0
10729    1
10730    1
10731    2
10732    1
10733    1
10734    2
10735    1
10736    1
10737    2
10738    2
10739    2
10740    1
10741    2
10742    1
10743    1
10744    0
10745    1
10746    1
10747    1
10748    2
10749    2
10750    0
10751    0
10752    3
10753    1
10754    1
10755    1
10756    1
10757    1
10758    0
10759    1
10760    1
10761    1
10762    1
10763    2
10764    1
10765    1
10766    2
10767    2
10768    1
10769    0
10770    2
10771    2
10772    0
10773    1
10774    0
10775    0
10776    2
10777    1
10778    0
10779    1
10780    1
10781    1
10782    0
10783    1
10784    0
10785    2
10786    1
10787    1
10788    3
10789    1
10790    1
10791    1
10792    0
10793    3
10794    0
10795    1
10796    2
10797    1
10798    1
10799    2
10800    1
10801    2
10802    1
10803    1
10804    3
10805    1
10806    1
10807    0
10808    0
10809    1
10810    1
10811    2
10812    1
10813    1
10814    1
10815    0
10816    2
10817    2
10818    1
10819    2
10820    1
10821    1
10822    1
10823    0
10824    1
10825    1
10826    0
10827    1
10828    1
10829    1
10830    1
10831    1
10832    2
10833    0
10834    0
10835    1
10836    1
10837    2
10838    2
10839    2
10840    0
10841    1
10842    1
10843    0
10844    0
10845    3
10846    1
10847    1
10848    0
10849    2
10850    1
10851    1
10852    0
10853    1
10854    0
10855    2
10856    0
10857    3
10858    1
10859    0
10860    1
10861    2
10862    1
10863    1
10864    2
10865    2
10866    1
10867    1
10868    1
10869    3
10870    1
10871    1
10872    0
10873    3
10874    1
10875    2
10876    1
10877    3
10878    2
10879    2
10880    1
10881    2
10882    2
10883    1
10884    2
10885    1
10886    1
10887    1
10888    1
10889    0
10890    0
10891    2
10892    1
10893    0
10894    1
10895    1
10896    2
10897    1
10898    2
10899    1
10900    0
10901    1
10902    2
10903    1
10904    0
10905    1
10906    1
10907    1
10908    0
10909    2
10910    0
10911    1
10912    1
10913    1
10914    1
10915    2
10916    1
10917    1
10918    2
10919    2
10920    0
10921    2
10922    3
10923    0
10924    1
10925    1
10926    2
10927    2
10928    1
10929    1
10930    1
10931    2
10932    2
10933    0
10934    1
10935    0
10936    1
10937    3
10938    1
10939    3
10940    1
10941    1
10942    3
10943    4
10944    2
10945    2
10946    0
10947    2
10948    1
10949    1
10950    0
10951    1
10952    1
10953    2
10954    1
10955    1
10956    1
10957    1
10958    0
10959    1
10960    1
10961    1
10962    0
10963    1
10964    1
10965    0
10966    0
10967    1
10968    1
10969    2
10970    1
10971    1
10972    3
10973    1
10974    2
10975    0
10976    2
10977    3
10978    2
10979    1
10980    1
10981    2
10982    3
10983    0
10984    2
10985    0
10986    0
10987    2
10988    1
10989    0
10990    1
10991    2
10992    3
10993    1
10994    1
10995    2
10996    2
10997    2
10998    0
10999    0
11000    1
11001    0
11002    0
11003    2
11004    2
11005    2
11006    2
11007    0
11008    1
11009    1
11010    0
11011    3
11012    1
11013    1
11014    2
11015    2
11016    4
11017    2
11018    2
11019    1
11020    3
11021    2
11022    1
11023    0
11024    2
11025    1
11026    0
11027    1
11028    2
11029    1
11030    0
11031    1
11032    1
11033    2
11034    1
11035    1
11036    2
11037    1
11038    1
11039    2
11040    1
11041    2
11042    2
11043    1
11044    3
11045    3
11046    1
11047    0
11048    2
11049    1
11050    1
11051    1
11052    1
11053    1
11054    1
11055    0
11056    0
11057    1
11058    1
11059    0
11060    2
11061    0
11062    0
11063    2
11064    1
11065    0
11066    1
11067    2
11068    1
11069    2
11070    1
11071    1
11072    1
11073    1
11074    1
11075    1
11076    2
11077    0
11078    0
11079    1
11080    1
11081    2
11082    1
11083    3
11084    1
11085    1
11086    0
11087    1
11088    0
11089    2
11090    0
11091    1
11092    0
11093    1
11094    2
11095    1
11096    2
11097    2
11098    1
11099    1
11100    2
11101    2
11102    0
11103    2
11104    2
11105    1
11106    1
11107    1
11108    1
11109    1
11110    1
11111    0
11112    1
11113    2
11114    1
11115    0
11116    1
11117    1
11118    0
11119    1
11120    0
11121    1
11122    0
11123    0
11124    1
11125    2
11126    0
11127    0
11128    2
11129    1
11130    1
11131    1
11132    0
11133    3
11134    1
11135    1
11136    2
11137    1
11138    0
11139    2
11140    0
11141    0
11142    1
11143    1
11144    0
11145    1
11146    0
11147    2
11148    1
11149    3
11150    2
11151    1
11152    1
11153    1
11154    2
11155    1
11156    3
11157    2
11158    2
11159    1
11160    2
11161    1
11162    2
11163    2
11164    2
11165    3
11166    0
11167    1
11168    3
11169    0
11170    0
11171    1
11172    3
11173    0
11174    1
11175    1
11176    1
11177    2
11178    0
11179    0
11180    0
11181    1
11182    2
11183    0
11184    0
11185    1
11186    2
11187    1
11188    1
11189    0
11190    1
11191    0
11192    0
11193    1
11194    1
11195    1
11196    1
11197    0
11198    0
11199    2
11200    3
11201    1
11202    1
11203    2
11204    1
11205    1
11206    0
11207    3
11208    0
11209    0
11210    1
11211    1
11212    2
11213    1
11214    1
11215    3
11216    0
11217    1
11218    1
11219    0
11220    0
11221    1
11222    0
11223    1
11224    0
11225    1
11226    1
11227    0
11228    1
11229    0
11230    1
11231    1
11232    1
11233    2
11234    1
11235    1
11236    0
11237    1
11238    2
11239    2
11240    2
11241    1
11242    1
11243    0
11244    0
11245    0
11246    1
11247    1
11248    1
11249    1
11250    1
11251    1
11252    2
11253    0
11254    2
11255    0
11256    2
11257    0
11258    2
11259    0
11260    3
11261    1
11262    1
11263    1
11264    0
11265    1
11266    2
11267    3
11268    0
11269    1
11270    2
11271    0
11272    0
11273    0
11274    1
11275    2
11276    0
11277    1
11278    1
11279    1
11280    2
11281    2
11282    0
11283    1
11284    0
11285    1
11286    3
11287    1
11288    1
11289    1
11290    0
11291    0
11292    0
11293    3
11294    0
11295    1
11296    3
11297    0
11298    0
11299    0
11300    1
11301    0
11302    2
11303    1
11304    2
11305    0
11306    0
11307    2
11308    1
11309    1
11310    3
11311    1
11312    1
11313    0
11314    1
11315    2
11316    2
11317    1
11318    2
11319    2
11320    1
11321    0
11322    1
11323    1
11324    3
11325    1
11326    1
11327    0
11328    0
11329    3
11330    1
11331    1
11332    1
11333    1
11334    0
11335    1
11336    2
11337    1
11338    2
11339    2
11340    1
11341    2
11342    0
11343    1
11344    1
11345    0
11346    1
11347    0
11348    0
11349    1
11350    1
11351    1
11352    1
11353    0
11354    2
11355    2
11356    1
11357    2
11358    2
11359    4
11360    2
11361    2
11362    2
11363    2
11364    0
11365    1
11366    1
11367    1
11368    0
11369    1
11370    0
11371    1
11372    1
11373    2
11374    2
11375    2
11376    2
11377    0
11378    1
11379    0
11380    1
11381    1
11382    3
11383    1
11384    1
11385    0
11386    0
11387    1
11388    0
11389    1
11390    0
11391    1
11392    1
11393    1
11394    0
11395    0
11396    0
11397    1
11398    1
11399    2
11400    1
11401    0
11402    1
11403    1
11404    1
11405    1
11406    1
11407    0
11408    2
11409    3
11410    1
11411    0
11412    0
11413    0
11414    1
11415    2
11416    1
11417    2
11418    1
11419    0
11420    1
11421    1
11422    2
11423    0
11424    1
11425    0
11426    1
11427    1
11428    3
11429    2
11430    0
11431    1
11432    2
11433    2
11434    1
11435    1
11436    0
11437    1
11438    2
11439    2
11440    2
11441    0
11442    0
11443    0
11444    1
11445    2
11446    0
11447    0
11448    2
11449    2
11450    0
11451    2
11452    1
11453    1
11454    2
11455    0
11456    2
11457    1
11458    2
11459    1
11460    3
11461    0
11462    2
11463    1
11464    1
11465    2
11466    2
11467    0
11468    2
11469    2
11470    0
11471    1
11472    2
11473    1
11474    1
11475    2
11476    0
11477    1
11478    3
11479    1
11480    1
11481    1
11482    0
11483    1
11484    2
11485    2
11486    3
11487    1
11488    0
11489    0
11490    1
11491    2
11492    1
11493    1
11494    1
11495    0
11496    1
11497    1
11498    2
11499    0
11500    2
11501    1
11502    1
11503    0
11504    2
11505    1
11506    1
11507    0
11508    1
11509    0
11510    0
11511    0
11512    1
11513    0
11514    2
11515    1
11516    1
11517    1
11518    1
11519    1
11520    1
11521    0
11522    1
11523    0
11524    1
11525    0
11526    2
11527    1
11528    1
11529    2
11530    1
11531    0
11532    1
11533    1
11534    0
11535    0
11536    1
11537    2
11538    1
11539    3
11540    4
11541    3
11542    4
11543    2
11544    1
11545    3
11546    2
11547    4
11548    2
11549    3
11550    3
11551    3
11552    3
11553    3
11554    4
11555    3
11556    2
11557    1
11558    3
11559    4
11560    3
11561    3
11562    3
11563    4
11564    4
11565    3
11566    3
11567    3
11568    3
11569    3
11570    3
11571    3
11572    2
11573    3
11574    4
11575    3
11576    0
11577    2
11578    1
11579    1
11580    1
11581    2
11582    0
11583    1
11584    1
11585    1
11586    1
11587    1
11588    1
11589    1
11590    0
11591    3
11592    0
11593    3
11594    3
11595    2
11596    1
11597    2
11598    2
11599    1
11600    0
11601    2
11602    2
11603    2
11604    2
11605    1
11606    2
11607    1
11608    0
11609    1
11610    1
11611    2
11612    0
11613    0
11614    1
11615    0
11616    0
11617    1
11618    1
11619    4
11620    3
11622    3
11624    3
11625    4
11627    4
11629    4
11630    3
11631    3
11632    3
11633    3
11634    4
11635    3
11636    4
11637    3
11638    3
11639    4
11640    3
11641    4
11642    4
11643    3
11644    4
11645    3
11646    4
11647    4
11648    3
11649    4
11650    1
11651    4
11652    4
11653    4
11654    4
11655    3
11656    3
11657    4
11658    2
11659    3
11660    4
11661    4
11662    4
11663    2
11664    2
11665    4
11666    3
11667    4
11668    3
11669    3
11670    4
11671    2
11672    3
11673    4
11674    4
11675    3
11676    4
11677    3
11678    4
11679    4
11680    3
11681    2
11682    3
11683    3
11684    4
11685    4
11686    4
11687    3
11688    1
11689    4
11690    3
11691    3
11692    3
11693    3
11694    2
11695    4
11696    3
11697    4
11698    3
11699    1
11700    3
11701    3
11702    4
11703    4
11704    4
11705    1
11706    4
11707    4
11708    4
11709    4
11710    0
11711    3
11712    3
11713    3
11714    3
11715    2
11716    3
11717    3
11718    3
11719    3
11720    4
11721    3
11722    3
11723    4
11724    4
11725    3
11726    1
11727    2
11728    1
11729    0
11730    2
11731    0
11732    0
11733    1
11734    1
11735    1
11736    1
11737    1
11738    0
11739    0
11740    0
11741    1
11742    0
11743    3
11744    0
11745    2
11746    0
11747    1
11748    0
11749    1
11750    1
11751    0
11752    0
11753    2
11754    2
11755    1
11756    2
11757    2
11758    1
11759    1
11760    0
11761    1
11762    0
11763    0
11764    0
11765    2
11766    0
11767    0
11768    1
11769    0
11770    0
11771    2
11772    1
11773    0
11774    1
11775    1
11776    0
11777    0
11778    2
11779    2
11780    1
11781    0
11782    1
11783    0
11784    0
11785    1
11786    1
11787    0
11788    2
11789    1
11790    2
11791    1
11792    0
11793    1
11794    1
11795    2
11796    0
11797    1
11799    1
11800    1
11801    1
11802    2
11803    1
11804    0
11805    0
11806    2
11807    0
11808    0
11809    2
11810    1
11811    0
11812    0
11813    0
11814    1
11815    2
11816    0
11817    2
11818    0
11819    1
11820    0
11821    1
11822    1
11823    0
11824    1
11825    0
11826    1
11827    2
11828    1
11829    2
11830    0
11831    0
11832    1
11833    0
11834    1
11835    1
11836    1
11837    1
11838    1
11839    0
11840    1
11841    0
11842    0
11843    2
11844    1
11845    1
11846    0
11847    2
11848    2
11849    0
11850    3
11851    0
11852    1
11853    3
11854    0
11855    1
