1    1
2    1
61    1
63    1
64    1
68    1
72    1
82    1
131    1
132    1
134    1
136    1
214    1
228    1
383    1
387    1
388    1
428    1
446    1
473    1
474    1
486    1
487    0
488    1
514    1
670    1
692    1
702    1
703    1
704    1
742    1
748    1
749    1
893    1
896    0
897    1
1112    1
1153    0
1154    1
1215    1
1241    1
1256    1
1274    1
1482    1
1489    1
1588    1
1671    1
1672    1
1673    1
1675    1
1676    1
1677    1
1678    0
1679    0
1680    1
1681    1
1682    1
1683    1
1684    1
1686    0
1687    1
1690    1
1691    1
1692    1
1693    1
1694    1
1695    1
1697    1
1698    1
1699    1
1700    1
1701    1
1702    1
1703    1
1704    1
1705    1
1706    0
1707    1
1708    1
1709    1
1710    1
1711    1
1712    1
1713    1
1714    1
1715    1
1716    1
1717    1
1718    1
1719    1
1720    1
1721    1
1722    1
1723    1
1724    1
1725    1
1726    1
1727    1
1728    1
1729    1
1730    1
1731    1
1732    1
1733    1
1734    1
1736    1
1738    1
1739    1
1740    1
1741    1
1742    0
1746    1
1747    1
1748    1
1749    1
1750    1
1752    1
1753    1
1754    1
1755    1
1756    1
1757    1
1758    1
1759    1
1760    1
1761    1
1762    1
1763    1
1764    1
1765    1
1766    1
1767    1
1768    1
1769    1
1770    1
1771    1
1772    1
1773    1
1774    1
1775    1
1776    1
1777    1
1779    1
1780    1
1782    0
1783    1
1785    1
1786    1
1787    0
1788    1
1789    1
1790    1
1791    1
1792    1
1793    1
1794    1
1795    1
1796    1
1798    1
1799    1
1801    1
1802    1
1804    1
1805    1
1806    1
1808    1
1809    1
1810    0
1812    1
1813    1
1814    1
1815    0
1816    1
1817    1
1818    1
1819    1
1820    1
1821    1
1822    1
1823    1
1824    0
1825    1
1826    1
1828    1
1829    1
1830    1
1831    1
1832    1
1833    1
1834    1
1835    1
1836    1
1837    1
1838    1
1839    1
1840    1
1841    1
1842    1
1843    1
1844    1
1846    1
1847    1
1848    1
1849    1
1850    0
1852    1
1854    1
1855    1
1857    1
1858    1
1859    0
1861    1
1862    1
1863    1
1864    1
1865    1
1866    1
1867    1
1868    1
1869    1
1870    1
1871    1
1872    1
1873    1
1874    1
1875    0
1876    1
1877    1
1878    1
1879    1
1880    1
1881    1
1882    1
1883    1
1884    1
1885    1
1886    1
1888    1
1890    1
1891    1
1894    1
1895    1
1896    1
1898    1
1899    1
1900    1
1901    1
1902    1
1903    1
1904    1
1905    1
1906    1
1908    1
1909    0
1910    1
1911    1
1912    1
1913    1
1914    1
1915    1
1916    1
1917    1
1918    1
1919    1
1920    1
1922    1
1923    1
1924    1
1926    0
1927    1
1928    1
1929    1
1930    1
1931    1
1932    1
1933    1
1934    1
1935    1
1936    1
1938    0
1939    1
1941    1
1942    1
1943    1
1944    1
1945    1
1946    1
1947    1
1949    1
1950    1
1952    1
1953    1
1954    1
1955    1
1956    1
1957    1
1958    1
1959    1
1960    1
1961    1
1962    1
1963    1
1964    1
1965    1
1966    1
1967    1
1968    1
1969    0
1970    1
1971    1
1972    1
1973    1
1974    1
1975    1
1976    1
1977    1
1978    1
1979    1
1980    1
1981    1
1982    1
1983    1
1984    1
1985    1
1986    1
1987    1
1988    1
1989    1
1990    1
1991    1
1993    1
1994    1
1995    1
1996    1
1997    1
1998    1
1999    1
2000    1
2002    1
2004    1
2005    0
2006    1
2007    1
2009    1
2010    1
2011    0
2012    1
2015    1
2016    1
2017    1
2018    1
2019    1
2021    1
2022    1
2024    1
2025    1
2026    1
2027    1
2028    1
2030    1
2031    1
2032    1
2033    1
2034    1
2035    1
2036    1
2037    1
2038    1
2039    1
2040    1
2041    1
2042    1
2043    1
2045    1
2046    0
2047    1
2048    0
2049    1
2050    1
2051    1
2052    1
2053    1
2054    1
2055    1
2057    1
2058    1
2059    1
2060    1
2061    1
2062    1
2063    1
2064    1
2066    1
2068    1
2069    0
2070    1
2071    1
2072    1
2073    0
2074    1
2075    1
2076    1
2078    1
2079    1
2080    1
2083    0
2084    1
2085    1
2086    1
2087    1
2088    1
2090    1
2091    1
2092    1
2093    1
2095    1
2096    1
2097    1
2098    1
2099    1
2100    1
2101    1
2102    1
2103    1
2105    1
2106    1
2107    0
2108    1
2110    1
2111    1
2112    1
2113    1
2114    1
2115    1
2116    1
2117    1
2118    1
2119    1
2120    0
2121    1
2122    1
2123    1
2124    1
2125    1
2126    1
2127    1
2128    1
2129    1
2130    1
2132    1
2133    1
2134    1
2135    1
2136    1
2137    1
2138    0
2139    1
2140    1
2141    1
2142    1
2143    1
2144    1
2145    1
2146    1
2147    1
2148    1
2149    1
2150    1
2151    1
2153    1
2155    1
2156    1
2157    1
2158    1
2159    1
2161    1
2162    1
2163    1
2165    1
2166    1
2167    1
2168    1
2169    1
2170    1
2172    1
2173    1
2174    0
2175    1
2176    0
2180    1
2181    1
2182    1
2183    1
2184    1
2185    1
2186    1
2187    1
2188    1
2189    1
2190    1
2191    1
2192    1
2193    1
2196    1
2197    1
2198    1
2199    1
2200    1
2201    1
2203    1
2204    1
2205    1
2206    1
2208    1
2210    1
2211    0
2212    1
2213    1
2214    1
2215    1
2216    1
2217    1
2218    1
2219    0
2220    1
2221    1
2222    1
2224    1
2225    0
2226    0
2227    1
2228    1
2229    1
2230    1
2231    1
2232    1
2234    1
2235    1
2236    1
2237    1
2238    1
2239    1
2241    1
2242    0
2243    1
2245    1
2246    1
2247    1
2248    1
2249    1
2251    1
2252    1
2253    1
2255    1
2256    1
2257    0
2258    1
2259    1
2261    1
2262    1
2264    1
2265    1
2266    1
2267    1
2268    1
2270    0
2272    1
2273    1
2274    1
2275    1
2276    1
2277    1
2278    1
2279    1
2280    0
2281    1
2283    1
2284    1
2285    1
2286    1
2288    1
2290    1
2291    1
2292    0
2294    1
2295    1
2296    1
2297    1
2298    1
2299    1
2300    1
2301    1
2302    1
2303    1
2304    1
2305    1
2306    1
2307    1
2308    1
2309    1
2310    1
2311    1
2314    1
2315    1
2316    1
2317    1
2320    1
2321    1
2322    1
2323    1
2324    1
2325    1
2326    1
2327    1
2328    1
2329    1
2330    1
2331    1
2332    1
2333    1
2334    1
2335    1
2336    1
2338    1
2339    1
2340    1
2342    0
2343    1
2344    1
2345    1
2346    1
2347    1
2348    1
2350    1
2351    1
2352    1
2353    1
2355    1
2356    1
2357    1
2358    1
2359    1
2360    1
2363    1
2364    1
2365    1
2366    1
2367    1
2369    1
2370    1
2371    1
2372    1
2373    1
2374    1
2375    0
2376    1
2377    1
2378    0
2379    1
2380    1
2381    1
2382    0
2383    1
2384    1
2385    1
2386    1
2387    1
2388    1
2389    1
2390    1
2391    1
2392    1
2393    1
2394    1
2395    1
2396    1
2397    1
2398    1
2400    1
2401    1
2402    1
2403    1
2404    1
2405    1
2406    1
2407    1
2408    1
2409    1
2410    1
2411    1
2412    1
2413    1
2416    1
2417    1
2418    1
2421    1
2422    1
2423    1
2424    1
2425    1
2426    0
2429    1
2430    1
2431    1
2432    1
2433    1
2434    1
2435    1
2437    1
2438    1
2439    1
2440    1
2442    1
2444    1
2445    1
2446    1
2447    1
2448    1
2449    1
2450    1
2451    1
2452    1
2453    1
2454    1
2455    1
2456    1
2457    1
2458    1
2459    1
2463    1
2464    1
2465    1
2466    1
2467    1
2468    1
2469    1
2470    1
2471    1
2472    1
2474    1
2477    1
2478    1
2479    1
2480    1
2481    1
2482    1
2483    1
2485    1
2486    1
2487    1
2488    1
2489    1
2490    1
2491    1
2492    0
2493    1
2494    1
2495    1
2496    1
2497    1
2498    1
2501    1
2502    1
2503    1
2504    1
2505    1
2506    1
2507    1
2508    1
2509    1
2510    1
2511    0
2512    1
2513    1
2514    1
2515    1
2516    1
2517    1
2518    1
2519    1
2521    1
2522    1
2523    1
2524    1
2526    1
2527    1
2528    1
2529    1
2530    1
2531    1
2533    1
2534    1
2536    1
2538    1
2539    1
2540    1
2541    1
2542    1
2543    1
2544    1
2546    1
2547    1
2550    0
2552    1
2553    1
2554    1
2555    1
2556    1
2557    1
2559    1
2560    1
2564    1
2565    1
2566    1
2567    1
2568    1
2569    1
2570    1
2571    1
2572    1
2574    1
2575    1
2577    1
2578    1
2579    1
2580    1
2581    1
2582    1
2583    1
2585    1
2587    1
2588    1
2589    1
2590    1
2591    1
2593    1
2594    1
2596    1
2598    1
2599    1
2600    1
2601    1
2602    1
2603    0
2604    1
2605    1
2606    1
2607    1
2608    1
2609    1
2610    1
2611    1
2612    1
2613    1
2614    1
2615    1
2616    0
2617    1
2618    1
2620    1
2621    1
2622    1
2623    1
2624    1
2625    1
2626    1
2627    1
2628    1
2629    1
2630    1
2631    1
2632    1
2633    1
2634    1
2635    1
2636    1
2637    1
2638    1
2639    1
2641    0
2642    1
2643    1
2644    0
2645    1
2647    1
2648    1
2649    1
2650    1
2651    1
2653    1
2654    1
2655    1
2656    1
2657    1
2658    1
2659    1
2660    1
2662    1
2663    1
2664    1
2665    0
2666    1
2668    1
2669    1
2670    1
2671    1
2672    1
2673    1
2674    1
2675    1
2676    1
2677    1
2678    1
2679    1
2680    0
2682    1
2683    1
2684    1
2685    1
2686    1
2688    1
2689    1
2690    1
2691    1
2692    1
2694    1
2695    1
2698    1
2699    1
2700    1
2701    1
2702    1
2704    1
2705    1
2706    1
2707    1
2708    1
2709    1
2711    1
2712    1
2713    1
2714    1
2715    1
2716    1
2717    1
2718    1
2719    1
2720    1
2721    1
2722    0
2724    1
2725    1
2726    1
2727    1
2729    1
2732    1
2733    1
2735    1
2736    1
2737    1
2740    1
2741    1
2742    1
2743    1
2744    1
2745    1
2748    1
2749    1
2750    1
2751    1
2752    1
2754    1
2755    1
2756    1
2757    1
2758    1
2759    1
2760    1
2761    1
2762    1
2764    1
2765    1
2766    1
2767    1
2768    1
2769    1
2770    1
2772    1
2774    1
2775    1
2776    1
2777    1
2778    1
2781    1
2782    1
2783    1
2784    1
2785    0
2787    1
2788    1
2789    0
2791    1
2792    1
2793    1
2794    1
2795    1
2796    1
2797    1
2798    1
2799    1
2800    1
2801    1
2802    1
2803    1
2804    1
2805    1
2806    1
2807    1
2808    1
2809    1
2810    1
2811    1
2812    1
2813    1
2814    0
2816    1
2818    1
2819    1
2820    1
2821    1
2822    1
2823    1
2824    1
2825    1
2827    1
2828    1
2829    1
2830    1
2831    0
2833    1
2834    1
2835    1
2837    1
2838    1
2839    1
2840    1
2841    1
2842    1
2843    1
2845    1
2847    1
2848    1
2849    1
2851    1
2852    1
2853    1
2854    1
2856    1
2857    1
2858    1
2859    1
2860    1
2861    1
2862    0
2863    1
2864    1
2865    1
2867    1
2868    1
2870    1
2871    1
2872    1
2873    1
2876    1
2877    1
2878    1
2879    0
2880    1
2881    1
2882    1
2884    0
2885    1
2886    1
2887    1
2888    1
2889    1
2890    1
2892    1
2893    1
2894    1
2895    1
2896    1
2897    1
2898    1
2899    1
2903    1
2904    1
2905    1
2906    1
2907    1
2908    0
2909    1
2910    0
2911    1
2912    1
2913    1
2914    1
2915    1
2916    1
2917    1
2918    1
2919    1
2921    1
2924    1
2925    1
2926    1
2928    1
2929    1
2931    1
2932    0
2933    1
2934    1
2935    0
2937    1
2939    1
2940    1
2941    1
2942    1
2943    1
2944    1
2946    1
2947    1
2949    1
2950    0
2951    1
2952    1
2953    1
2954    1
2956    1
2957    1
2958    1
2959    1
2960    1
2962    1
2963    1
2964    1
2966    1
2967    1
2968    1
2969    1
2970    1
2972    1
2973    1
2974    1
2975    1
2976    1
2977    0
2979    1
2980    1
2982    1
2983    1
2984    1
2985    1
2986    1
2987    1
2988    1
2990    1
2991    1
2992    1
2994    1
2995    1
2996    0
2998    0
2999    1
3001    1
3003    1
3004    1
3005    1
3006    1
3007    1
3008    1
3009    1
3010    1
3011    1
3012    1
3013    1
3014    1
3015    1
3016    1
3017    1
3018    0
3019    1
3020    1
3021    1
3022    1
3023    1
3024    1
3026    1
3028    1
3029    1
3031    0
3032    1
3033    1
3034    1
3035    1
3036    1
3037    1
3039    1
3040    1
3041    1
3044    0
3045    0
3046    1
3047    1
3048    1
3049    1
3051    1
3052    1
3053    1
3054    1
3055    1
3056    1
3057    1
3059    1
3060    1
3061    1
3063    1
3064    1
3066    1
3067    1
3068    1
3069    1
3070    1
3072    1
3073    1
3074    1
3075    1
3076    0
3078    1
3080    1
3081    1
3082    1
3083    1
3084    1
3085    1
3086    1
3087    1
3088    1
3089    1
3090    1
3091    1
3093    1
3094    1
3095    0
3098    1
3099    1
3100    1
3101    1
3102    1
3103    1
3104    1
3106    1
3107    0
3108    0
3110    1
3112    1
3113    1
3114    1
3115    1
3116    1
3117    1
3118    1
3119    1
3120    1
3121    1
3122    1
3123    0
3125    1
3126    1
3127    1
3129    1
3130    1
3131    1
3132    1
3133    1
3134    1
3136    1
3137    1
3138    1
3139    1
3141    0
3142    1
3143    1
3145    1
3146    1
3148    1
3149    1
3150    1
3151    1
3152    1
3153    1
3154    1
3155    0
3156    0
3159    1
3160    1
3161    1
3162    1
3163    1
3164    1
3165    1
3166    1
3167    1
3169    1
3170    1
3173    1
3174    1
3175    1
3176    1
3177    1
3178    1
3180    1
3181    1
3182    1
3183    1
3184    1
3186    1
3187    1
3188    1
3189    1
3190    1
3191    1
3193    1
3194    1
3195    1
3196    1
3197    1
3198    1
3199    1
3200    1
3201    1
3202    1
3203    1
3204    1
3205    1
3207    1
3208    1
3209    1
3211    1
3213    1
3214    1
3215    1
3216    1
3217    1
3218    1
3219    1
3220    1
3221    1
3222    1
3223    1
3224    1
3225    0
3226    1
3227    1
3228    1
3229    1
3230    1
3231    1
3232    1
3233    1
3234    1
3235    1
3237    1
3238    1
3239    1
3240    1
3242    1
3243    1
3244    1
3245    1
3246    1
3247    1
3248    1
3249    1
3251    1
3252    1
3253    1
3256    1
3258    1
3259    1
3261    1
3262    1
3263    0
3264    1
3265    1
3266    1
3267    1
3269    1
3270    1
3271    1
3272    1
3274    1
3275    1
3276    1
3277    1
3278    1
3279    1
3280    1
3281    1
3282    1
3283    1
3284    1
3285    0
3286    1
3287    1
3288    1
3289    1
3290    1
3291    1
3292    1
3293    1
3294    1
3295    1
3296    1
3297    1
3300    1
3301    1
3304    1
3305    1
3306    1
3307    1
3308    1
3309    1
3310    1
3311    1
3312    1
3313    1
3315    1
3316    1
3317    1
3318    1
3319    1
3320    1
3321    1
3322    1
3323    1
3324    1
3326    1
3327    1
3329    1
3330    1
3331    1
3332    1
3333    1
3334    1
3335    1
3336    1
3337    1
3338    1
3339    1
3340    1
3341    0
3342    1
3343    1
3344    1
3348    1
3349    1
3350    1
3351    1
3353    1
3354    1
3355    1
3356    1
3357    1
3358    1
3359    1
3360    1
3362    1
3363    1
3364    1
3365    1
3366    1
3367    1
3368    1
3370    1
3371    1
3372    1
3373    1
3375    0
3377    1
3378    1
3379    1
3380    1
3381    1
3382    1
3384    1
3385    1
3386    1
3387    1
3388    1
3389    1
3390    1
3393    1
3394    1
3396    1
3397    1
3399    1
3400    1
3402    1
3403    1
3406    1
3407    1
3408    1
3409    1
3411    1
3413    1
3414    1
3415    1
3416    1
3417    1
3419    1
3420    1
3421    0
3422    1
3423    1
3424    1
3425    1
3426    1
3427    1
3428    1
3429    1
3430    1
3431    1
3433    1
3434    1
3435    1
3436    1
3437    1
3438    1
3439    1
3440    1
3441    1
3442    1
3444    1
3445    1
3447    1
3449    1
3450    1
3452    0
3453    1
3454    1
3455    1
3456    1
3457    1
3459    1
3460    1
3461    1
3462    1
3463    0
3464    1
3465    1
3468    1
3469    1
3470    1
3471    1
3472    1
3473    1
3474    1
3475    1
3476    1
3477    1
3478    1
3479    1
3480    1
3481    1
3482    1
3483    1
3484    1
3485    1
3486    1
3487    1
3488    1
3489    1
3490    0
3491    1
3492    1
3493    1
3496    0
3497    1
3498    1
3500    1
3501    1
3502    1
3503    1
3504    1
3505    1
3507    1
3508    1
3509    1
3511    1
3513    1
3514    1
3515    1
3516    1
3517    1
3518    1
3519    1
3520    1
3522    1
3524    1
3525    1
3527    0
3528    1
3529    0
3531    1
3533    1
3534    1
3535    1
3536    1
3537    1
3538    1
3539    1
3540    1
3541    0
3542    1
3543    1
3544    1
3545    1
3548    1
3549    1
3550    1
3551    1
3552    0
3553    1
3554    1
3555    1
3556    1
3557    1
3558    1
3559    1
3560    1
3561    1
3562    1
3563    1
3564    1
3565    1
3566    1
3567    1
3568    1
3569    1
3570    1
3571    1
3572    1
3573    1
3574    1
3577    1
3578    1
3579    1
3580    0
3581    0
3582    1
3583    0
3584    1
3585    1
3586    1
3588    1
3589    1
3590    1
3591    1
3592    0
3595    1
3596    1
3597    1
3599    1
3601    1
3603    1
3604    1
3605    1
3606    1
3607    1
3608    1
3609    1
3610    1
3611    1
3612    1
3614    1
3615    1
3618    1
3619    1
3620    1
3621    1
3622    1
3623    1
3624    1
3625    0
3626    1
3627    1
3628    1
3629    1
3630    1
3631    1
3632    1
3633    1
3634    1
3635    1
3636    1
3637    1
3638    1
3640    1
3641    1
3643    1
3644    1
3645    1
3646    1
3648    1
3649    1
3650    1
3654    1
3655    1
3656    1
3657    1
3658    1
3659    1
3660    1
3661    1
3662    1
3663    1
3664    1
3665    1
3666    1
3667    1
3668    1
3669    1
3670    1
3671    1
3672    1
3673    1
3674    1
3675    1
3677    1
3678    1
3679    1
3680    1
3681    1
3682    0
3685    1
3686    1
3687    1
3688    1
3689    1
3690    1
3691    1
3692    1
3693    1
3694    0
3695    1
3696    1
3698    1
3699    1
3700    1
3701    0
3702    1
3704    1
3705    1
3706    1
3707    1
3708    1
3709    1
3710    1
3712    1
3713    1
3715    1
3716    1
3717    1
3718    0
3719    1
3720    1
3721    1
3722    0
3723    1
3724    1
3726    1
3727    1
3728    1
3729    1
3730    1
3732    1
3734    1
3735    1
3737    1
3738    1
3739    0
3740    1
3742    1
3743    1
3744    1
3745    1
3746    1
3747    1
3748    0
3750    0
3752    1
3753    1
3754    1
3756    1
3757    1
3758    0
3759    1
3760    1
3761    0
3763    1
3764    1
3765    1
3766    1
3767    1
3768    1
3769    1
3770    1
3771    1
3772    1
3773    1
3775    1
3776    1
3777    1
3778    0
3780    1
3781    1
3782    1
3783    1
3784    1
3785    1
3786    1
3787    1
3788    1
3789    1
3790    1
3791    0
3795    0
3796    1
3797    1
3798    1
3801    1
3802    1
3803    1
3804    1
3805    1
3807    1
3808    1
3809    1
3811    1
3812    0
3813    0
3814    1
3817    1
3818    1
3819    1
3820    1
3821    1
3822    1
3823    1
3824    1
3825    1
3826    1
3827    1
3828    1
3829    1
3830    1
3832    1
3833    1
3834    1
3835    1
3836    1
3837    1
3838    1
3839    1
3841    1
3842    1
3843    1
3844    1
3845    1
3846    1
3847    1
3848    1
3849    1
3850    1
3851    0
3852    1
3853    1
3854    1
3855    1
3856    1
3857    1
3858    1
3859    1
3861    1
3862    1
3863    1
3864    1
3865    1
3866    1
3867    1
3868    1
3870    1
3871    1
3872    1
3873    1
3874    1
3876    1
3877    1
3878    1
3879    1
3880    1
3881    1
3882    1
3884    0
3886    1
3888    1
3889    1
3890    1
3891    1
3892    1
3893    1
3894    1
3895    1
3896    1
3897    1
3898    1
3899    1
3901    1
3902    0
3903    1
3904    0
3905    1
3906    1
3908    1
3909    1
3911    1
3912    1
3913    1
3914    1
3915    1
3916    1
3917    1
3918    1
3919    1
3920    1
3921    1
3922    1
3923    1
3924    1
3925    1
3926    1
3927    0
3928    1
3929    1
3930    1
3931    1
3932    1
3934    1
3935    1
3936    1
3937    1
3938    1
3939    1
3940    1
3942    1
3943    1
3945    1
3946    0
3947    0
3948    1
3949    1
3951    1
3953    1
3954    1
3955    1
3957    1
3958    1
3959    1
3960    1
3961    1
3962    1
3963    1
3964    1
3965    1
3966    1
3967    1
3968    1
3969    1
3970    1
3971    1
3972    1
3973    1
3974    1
3975    1
3976    1
3977    1
3978    1
3979    1
3980    1
3983    1
3984    1
3985    1
3986    1
3987    1
3988    1
3989    0
3991    1
3992    1
3993    1
3994    1
3995    1
3996    1
3998    1
3999    1
4000    1
4001    1
4002    1
4003    1
4004    1
4005    1
4006    1
4007    1
4008    1
4009    1
4010    1
4011    1
4012    1
4013    0
4014    1
4015    1
4017    1
4018    1
4019    1
4020    1
4021    1
4022    1
4023    1
4024    1
4025    1
4026    1
4027    1
4028    1
4029    1
4030    1
4031    1
4032    1
4033    1
4034    1
4035    1
4036    1
4037    1
4039    1
4040    1
4041    1
4042    1
4043    1
4044    1
4045    1
4046    1
4047    1
4048    1
4049    1
4050    1
4051    1
4052    1
4053    1
4056    1
4057    1
4058    1
4059    1
4060    1
4061    1
4062    1
4063    1
4064    1
4065    1
4066    1
4067    1
4068    1
4069    0
4070    1
4071    1
4072    1
4074    1
4075    1
4076    1
4078    1
4079    1
4081    1
4083    1
4084    1
4085    1
4086    1
4087    1
4088    1
4090    1
4091    1
4092    1
4093    1
4094    1
4095    1
4096    1
4097    1
4098    1
4100    1
4101    1
4102    1
4103    1
4106    1
4107    1
4109    1
4110    1
4111    1
4112    1
4113    1
4114    1
4115    1
4116    1
4117    1
4118    1
4119    1
4122    1
4123    1
4124    1
4125    1
4127    1
4128    1
4129    1
4130    1
4131    1
4133    0
4134    1
4135    1
4136    1
4137    1
4138    1
4139    1
4140    1
4141    1
4142    1
4144    1
4145    1
4146    1
4147    1
4149    1
4150    0
4151    1
4152    1
4153    1
4154    1
4155    1
4156    1
4157    1
4158    1
4159    1
4160    1
4161    1
4162    1
4163    1
4164    1
4165    1
4166    1
4167    1
4169    1
4170    1
4173    1
4174    1
4175    1
4176    1
4177    1
4178    1
4179    1
4180    1
4181    1
4182    1
4183    1
4184    1
4185    1
4186    1
4187    1
4188    1
4189    1
4190    1
4191    1
4192    1
4193    1
4194    1
4195    1
4196    1
4197    1
4198    1
4199    1
4200    1
4201    1
4202    1
4203    1
4204    1
4205    1
4207    1
4208    1
4209    1
4210    0
4211    1
4212    1
4213    0
4214    1
4215    1
4216    1
4217    1
4218    1
4219    1
4220    1
4221    1
4223    1
4224    1
4225    1
4226    1
4227    1
4228    1
4229    1
4230    1
4231    1
4233    1
4234    1
4235    1
4237    1
4238    1
4239    0
4240    1
4241    1
4242    1
4243    1
4244    1
4245    1
4247    1
4248    1
4250    1
4251    1
4252    1
4253    1
4254    1
4255    1
4256    0
4257    1
4258    1
4259    1
4260    1
4262    1
4264    1
4265    1
4266    1
4267    1
4268    1
4269    1
4270    1
4271    1
4273    1
4274    1
4276    1
4277    1
4278    1
4279    1
4280    1
4281    1
4282    1
4283    1
4284    1
4285    0
4286    1
4287    1
4288    1
4289    1
4290    1
4291    1
4292    1
4293    1
4294    1
4295    1
4296    1
4298    1
4299    1
4300    1
4301    1
4302    1
4303    1
4304    1
4305    1
4306    1
4308    1
4310    1
4311    1
4312    1
4314    1
4315    1
4316    1
4317    1
4318    1
4319    1
4320    1
4321    1
4323    1
4324    1
4325    1
4326    1
4327    1
4328    1
4329    1
4330    1
4331    1
4332    1
4333    1
4334    1
4336    1
4338    1
4339    1
4340    1
4341    1
4342    1
4343    1
4344    1
4345    1
4348    1
4349    1
4350    1
4351    1
4352    1
4353    1
4354    1
4356    1
4357    1
4358    1
4359    1
4361    1
4363    1
4364    1
4365    1
4367    1
4369    0
4371    1
4372    1
4374    1
4375    1
4376    1
4377    1
4379    1
4380    1
4381    1
4382    1
4383    1
4384    1
4385    1
4387    1
4388    1
4389    1
4390    0
4391    1
4393    1
4394    1
4395    1
4396    0
4398    1
4399    1
4400    1
4401    1
4402    1
4404    1
4405    1
4406    1
4407    1
4408    1
4409    1
4410    1
4411    1
4412    1
4413    1
4414    1
4415    1
4416    1
4417    1
4418    1
4419    1
4420    1
4421    1
4422    1
4424    1
4426    1
4427    1
4429    1
4430    1
4432    1
4433    1
4434    1
4435    1
4436    1
4437    1
4438    0
4439    1
4440    1
4443    1
4444    1
4445    1
4446    1
4447    1
4449    1
4450    1
4451    1
4452    1
4453    1
4455    1
4456    1
4457    1
4458    1
4459    1
4460    1
4461    1
4462    1
4463    1
4464    1
4465    1
4466    1
4467    1
4468    1
4470    1
4471    1
4472    1
4473    1
4474    1
4475    1
4476    1
4477    1
4478    1
4479    1
4480    1
4481    1
4482    1
4485    1
4486    1
4487    1
4488    1
4489    1
4490    1
4492    1
4493    1
4494    1
4495    1
4496    1
4497    1
4498    1
4499    1
4500    1
4501    1
4502    1
4504    1
4506    1
4507    1
4508    1
4509    1
4510    1
4511    1
4513    1
4514    1
4515    1
4516    1
4517    0
4518    1
4519    1
4520    1
4521    1
4523    1
4525    1
4527    1
4528    1
4529    1
4531    1
4532    1
4533    1
4534    1
4536    1
4537    1
4538    1
4539    1
4540    1
4541    1
4542    1
4543    1
4544    1
4545    1
4546    1
4547    1
4548    1
4549    1
4550    1
4551    1
4553    0
4555    1
4556    1
4557    1
4558    1
4559    1
4560    1
4561    1
4562    1
4564    1
4566    1
4567    1
4568    1
4569    1
4570    1
4571    1
4572    1
4574    1
4575    1
4576    1
4578    1
4579    1
4580    1
4581    1
4582    1
4583    1
4584    1
4585    1
4586    1
4587    1
4588    1
4589    1
4590    1
4591    1
4592    0
4593    1
4594    1
4595    1
4596    1
4597    1
4600    1
4601    1
4602    0
4603    1
4604    1
4605    1
4606    1
4607    1
4608    1
4609    1
4610    1
4611    1
4612    1
4613    1
4615    1
4616    1
4617    0
4619    1
4620    1
4622    1
4624    1
4625    1
4626    0
4627    1
4628    1
4629    1
4630    1
4631    1
4632    1
4633    1
4634    1
4636    1
4637    1
4638    1
4639    1
4640    1
4641    1
4642    1
4643    1
4644    1
4645    1
4646    1
4647    1
4648    1
4649    1
4650    1
4651    1
4652    1
4653    1
4654    1
4655    0
4656    1
4657    1
4658    0
4659    1
4660    1
4661    1
4662    1
4665    1
4668    1
4669    0
4671    1
4672    1
4673    1
4674    1
4675    1
4676    1
4677    1
4679    1
4680    1
4681    1
4682    1
4683    1
4684    1
4685    1
4686    1
4687    1
4688    1
4689    1
4690    1
4691    1
4692    1
4693    1
4694    1
4696    1
4697    1
4698    1
4700    1
4702    1
4704    1
4706    1
4707    1
4708    1
4710    0
4712    1
4713    0
4714    1
4715    1
4716    1
4719    1
4720    1
4721    1
4722    1
4724    1
4725    1
4726    1
4727    1
4728    1
4729    1
4730    1
4731    1
4732    1
4733    1
4735    1
4739    1
4740    1
4741    1
4742    1
4743    1
4744    1
4747    1
4748    1
4749    1
4751    1
4752    1
4753    1
4754    1
4755    1
4756    1
4757    1
4758    1
4759    1
4760    1
4761    1
4763    1
4764    1
4765    1
4766    1
4767    1
4768    1
4770    1
4771    1
4772    1
4773    1
4774    1
4776    1
4777    1
4778    0
4779    1
4780    1
4781    1
4782    1
4783    1
4784    1
4785    0
4788    1
4789    1
4790    1
4791    1
4792    1
4794    1
4797    1
4798    1
4799    1
4800    1
4801    1
4802    1
4804    1
4805    1
4806    1
4807    1
4808    1
4810    1
4811    0
4812    1
4813    1
4814    1
4817    1
4818    1
4820    1
4821    1
4822    1
4825    1
4826    1
4827    1
4828    1
4830    1
4832    1
4833    1
4834    1
4835    1
4836    1
4837    1
4838    1
4840    0
4842    1
4843    1
4844    1
4845    1
4846    1
4847    1
4848    1
4849    1
4851    1
4852    1
4854    1
4855    1
4856    1
4857    1
4858    1
4859    0
4860    1
4862    1
4863    1
4865    1
4867    1
4868    0
4869    1
4870    1
4871    0
4872    1
4873    1
4875    1
4876    1
4877    1
4878    1
4880    1
4881    1
4882    1
4886    1
4887    0
4888    0
4889    1
4890    0
4891    1
4892    1
4893    1
4894    1
4896    1
4897    1
4898    1
4899    0
4900    1
4901    1
4902    1
4903    1
4905    1
4906    1
4907    1
4908    1
4909    1
4910    1
4911    1
4912    1
4913    1
4914    1
4915    1
4916    1
4917    1
4918    1
4919    1
4920    1
4921    1
4922    1
4923    1
4924    1
4925    1
4929    1
4930    1
4931    1
4934    1
4935    1
4936    1
4939    1
4940    1
4941    1
4942    1
4943    1
4944    1
4945    1
4946    1
4947    1
4948    1
4949    1
4950    1
4952    1
4955    1
4956    1
4957    1
4958    0
4959    1
4961    1
4962    1
4963    1
4964    1
4965    1
4966    1
4967    1
4968    1
4970    1
4971    0
4972    1
4973    1
4974    1
4975    1
4977    1
4978    1
4980    1
4981    1
4982    1
4984    1
4986    1
4987    1
4988    1
4989    1
4990    1
4992    1
4993    1
4995    1
4996    1
4997    1
4998    1
4999    1
5000    1
5001    1
5002    1
5003    1
5004    1
5005    1
5006    1
5007    1
5008    1
5009    1
5010    1
5012    1
5013    1
5014    1
5015    1
5016    1
5017    1
5018    0
5019    1
5020    1
5021    1
5022    1
5023    1
5025    1
5027    1
5028    1
5029    1
5030    1
5031    1
5034    1
5035    1
5036    0
5037    1
5038    1
5039    1
5040    1
5041    1
5043    1
5044    1
5046    1
5047    1
5049    1
5050    1
5051    1
5052    1
5053    1
5055    1
5056    1
5057    1
5058    0
5059    1
5060    1
5061    1
5062    1
5063    1
5064    1
5065    1
5066    1
5067    1
5068    0
5069    1
5070    1
5072    1
5073    1
5074    1
5075    1
5077    1
5078    1
5079    1
5080    1
5082    1
5083    1
5084    1
5085    1
5086    1
5087    0
5088    1
5091    1
5092    1
5093    1
5094    1
5095    1
5096    1
5097    1
5098    1
5100    1
5101    1
5102    1
5104    1
5105    1
5106    1
5107    1
5108    1
5109    1
5112    1
5113    1
5115    1
5116    1
5117    1
5118    1
5119    1
5120    1
5121    1
5123    1
5124    1
5125    1
5126    1
5127    1
5128    1
5129    0
5130    1
5131    1
5132    0
5133    1
5134    1
5135    1
5136    1
5137    1
5138    1
5139    1
5140    1
5142    1
5143    1
5145    1
5146    1
5147    1
5148    1
5151    1
5154    1
5156    1
5157    1
5158    1
5159    0
5160    0
5161    1
5162    1
5163    0
5164    1
5166    1
5167    1
5168    1
5169    1
5170    1
5171    1
5172    1
5173    1
5174    1
5176    1
5177    1
5178    1
5179    1
5180    1
5181    1
5182    1
5183    1
5184    1
5185    1
5187    1
5188    1
5189    1
5190    1
5191    1
5192    1
5193    1
5194    1
5195    1
5196    1
5199    1
5200    1
5201    1
5202    1
5203    1
5204    1
5205    1
5206    1
5207    1
5208    1
5209    1
5210    1
5211    1
5212    1
5213    1
5215    1
5216    1
5217    1
5218    1
5220    1
5223    0
5225    0
5226    0
5227    1
5228    0
5229    1
5230    1
5231    1
5232    1
5233    1
5236    1
5238    1
5239    1
5240    0
5241    1
5242    1
5243    1
5244    1
5245    1
5246    1
5247    1
5248    1
5249    1
5250    1
5251    1
5252    1
5253    1
5254    1
5255    1
5256    1
5257    1
5258    1
5259    1
5260    1
5261    0
5262    1
5263    1
5264    1
5265    1
5266    1
5267    1
5269    1
5270    1
5271    1
5272    1
5273    1
5274    1
5275    1
5276    1
5277    1
5278    0
5279    1
5280    1
5282    1
5283    1
5284    1
5285    1
5286    1
5287    1
5288    1
5289    1
5290    1
5291    1
5293    1
5294    1
5295    1
5296    1
5297    0
5298    1
5299    1
5300    1
5302    1
5303    1
5304    1
5305    1
5306    1
5308    0
5310    1
5312    1
5313    0
5314    0
5315    1
5316    1
5317    0
5318    1
5319    1
5320    1
5321    1
5325    1
5327    1
5328    1
5329    0
5331    0
5332    1
5333    1
5335    1
5336    1
5337    1
5338    0
5339    1
5340    1
5341    0
5342    1
5343    1
5344    1
5346    1
5347    1
5348    1
5349    1
5351    1
5352    1
5353    1
5354    1
5355    1
5356    1
5357    1
5358    1
5360    1
5361    1
5362    1
5363    1
5366    1
5367    1
5368    1
5369    1
5370    1
5372    0
5373    1
5374    1
5376    1
5377    1
5378    1
5379    0
5380    1
5382    1
5383    1
5384    1
5385    1
5387    1
5388    1
5389    1
5391    1
5392    1
5393    1
5394    1
5395    1
5396    1
5397    1
5398    1
5400    1
5401    1
5403    1
5404    1
5407    1
5408    1
5410    1
5411    1
5412    1
5414    1
5415    1
5417    1
5418    1
5419    0
5420    0
5421    1
5422    0
5423    1
5425    1
5426    1
5427    1
5428    1
5430    1
5431    1
5432    1
5433    1
5435    0
5436    1
5437    1
5439    1
5440    1
5441    1
5442    1
5443    1
5444    1
5445    1
5446    1
5447    1
5448    1
5449    1
5450    1
5451    1
5452    1
5453    0
5454    1
5456    1
5457    1
5458    1
5459    0
5460    1
5461    1
5464    0
5465    1
5466    1
5467    1
5468    1
5470    0
5471    1
5472    1
5473    1
5474    1
5475    0
5476    1
5477    1
5479    1
5480    1
5481    1
5482    1
5484    1
5485    1
5486    1
5487    1
5488    1
5489    1
5490    0
5491    1
5492    1
5493    1
5494    1
5495    1
5496    1
5497    1
5498    1
5499    1
5500    1
5501    1
5502    1
5503    1
5504    1
5505    1
5506    1
5507    1
5511    1
5513    1
5514    1
5515    1
5516    1
5517    1
5518    1
5519    0
5520    1
5522    1
5524    1
5525    1
5527    1
5528    1
5529    1
5530    1
5531    1
5532    1
5533    1
5535    1
5536    1
5537    1
5538    1
5540    1
5541    1
5543    1
5544    1
5546    1
5547    1
5548    1
5549    1
5550    1
5551    1
5552    1
5555    1
5556    1
5558    1
5560    1
5561    1
5562    1
5563    0
5564    1
5566    1
5567    1
5568    1
5569    1
5570    1
5571    1
5572    1
5573    1
5574    0
5576    1
5577    1
5578    1
5579    1
5580    1
5582    1
5583    1
5584    1
5586    1
5587    1
5588    1
5590    1
5591    0
5592    1
5594    1
5595    1
5597    0
5599    1
5600    1
5601    0
5602    1
5603    1
5604    1
5605    1
5606    1
5607    1
5609    1
5610    1
5611    0
5612    1
5613    1
5614    1
5615    0
5616    1
5617    1
5618    1
5619    1
5620    1
5621    1
5622    1
5623    0
5624    1
5625    1
5626    1
5627    1
5628    1
5629    1
5630    1
5632    1
5633    1
5634    1
5635    1
5636    1
5637    1
5638    1
5639    1
5640    1
5641    1
5642    0
5644    1
5645    0
5646    1
5647    0
5648    1
5649    1
5650    1
5651    1
5653    1
5654    1
5655    1
5657    1
5659    1
5660    1
5661    1
5662    0
5663    1
5664    1
5666    1
5667    1
5668    1
5669    1
5670    1
5671    1
5672    1
5673    1
5674    1
5675    1
5676    1
5677    1
5678    1
5679    1
5680    1
5681    1
5683    0
5685    0
5687    0
5688    0
5689    0
5690    0
5691    0
5692    0
5693    0
5694    0
5696    0
5697    0
5698    0
5699    0
5700    1
5701    0
5702    0
5703    0
5705    0
5706    0
5707    0
5709    0
5711    0
5712    0
5713    0
5714    0
5715    0
5717    0
5718    0
5719    0
5720    0
5721    0
5722    0
5727    0
5729    0
5730    0
5731    0
5732    0
5733    0
5736    0
5737    0
5738    0
5739    0
5740    0
5741    0
5743    1
5745    0
5747    0
5748    0
5749    0
5750    0
5751    0
5753    0
5754    0
5755    0
5756    0
5757    0
5759    0
5761    0
5763    0
5764    0
5765    0
5768    0
5769    0
5771    0
5772    0
5773    0
5775    0
5776    0
5777    0
5778    1
5779    0
5780    0
5781    0
5782    0
5783    0
5784    0
5785    1
5787    0
5788    0
5789    1
5790    1
5791    0
5792    0
5793    0
5794    0
5796    0
5798    0
5800    0
5801    0
5802    0
5805    0
5806    0
5807    0
5808    1
5809    1
5810    0
5811    0
5812    1
5813    0
5814    0
5815    0
5817    0
5818    0
5820    0
5821    0
5822    0
5823    0
5825    0
5826    0
5827    0
5828    0
5829    0
5830    0
5833    0
5836    0
5837    1
5839    0
5840    0
5841    0
5842    0
5843    1
5845    0
5846    0
5847    1
5848    1
5850    0
5851    0
5852    0
5853    0
5855    0
5856    0
5857    0
5858    1
5861    0
5862    0
5865    1
5867    0
5868    0
5869    0
5871    0
5872    0
5873    0
5874    0
5875    1
5876    0
5878    1
5879    0
5881    0
5883    0
5884    0
5885    0
5886    0
5887    0
5888    0
5890    0
5893    0
5894    0
5895    1
5896    0
5898    0
5899    0
5900    0
5902    0
5903    0
5904    0
5906    0
5907    0
5908    1
5909    0
5910    0
5912    0
5913    0
5915    0
5916    0
5917    0
5918    1
5919    0
5921    0
5922    0
5925    0
5926    0
5928    0
5930    0
5931    0
5933    1
5934    0
5936    0
5937    0
5938    0
5939    0
5941    0
5942    0
5944    0
5945    0
5946    0
5947    0
5950    0
5951    0
5952    0
5953    1
5954    0
5955    0
5957    1
5958    0
5959    0
5960    0
5963    0
5964    0
5965    0
5968    0
5969    0
5970    0
5971    0
5972    0
5973    0
5974    0
5976    0
5977    0
5978    0
5979    0
5980    0
5981    0
5982    0
5983    0
5984    0
5986    0
5987    0
5988    1
5989    1
5990    0
5991    0
5992    0
5995    0
5996    0
6000    0
6001    0
6003    0
6004    0
6005    0
6007    0
6008    0
6009    0
6010    0
6011    0
6013    0
6014    0
6015    0
6016    0
6017    0
6018    0
6019    0
6020    0
6023    0
6025    0
6026    0
6030    0
6034    0
6035    0
6036    0
6037    0
6038    0
6039    0
6040    0
6041    0
6042    0
6043    0
6044    1
6046    0
6047    0
6048    0
6049    0
6050    0
6051    0
6052    0
6053    0
6054    0
6055    1
6056    0
6057    0
6058    0
6061    0
6063    0
6064    1
6065    0
6066    0
6067    0
6068    0
6069    1
6070    0
6072    0
6073    0
6074    1
6079    0
6080    0
6081    0
6082    0
6083    0
6084    1
6087    0
6088    0
6089    0
6090    0
6091    0
6092    0
6094    1
6095    0
6096    0
6098    0
6099    0
6100    1
6102    0
6103    1
6104    0
6105    0
6106    0
6107    0
6108    0
6109    0
6110    1
6111    0
6113    0
6114    0
6115    0
6116    1
6117    0
6118    1
6119    0
6120    0
6121    0
6123    0
6124    0
6127    0
6128    1
6129    0
6131    1
6132    0
6133    1
6135    0
6137    0
6140    0
6141    0
6142    0
6143    0
6144    0
6145    1
6146    0
6147    0
6149    0
6150    1
6151    1
6152    1
6153    0
6154    0
6155    0
6156    0
6157    0
6159    0
6160    1
6161    0
6162    1
6164    0
6167    1
6169    0
6171    0
6172    0
6173    0
6174    0
6176    0
6178    0
6179    0
6180    0
6183    0
6184    0
6186    0
6187    0
6188    1
6189    0
6190    0
6191    0
6192    0
6193    0
6194    0
6195    0
6196    0
6197    0
6199    0
6200    0
6202    0
6203    0
6204    1
6206    0
6207    1
6208    0
6209    0
6211    0
6212    0
6213    0
6214    0
6215    0
6216    0
6217    0
6218    0
6219    0
6221    0
6222    0
6224    0
6225    0
6227    1
6228    0
6229    0
6230    1
6232    0
6234    0
6235    0
6237    0
6238    0
6240    0
6241    0
6243    1
6244    0
6245    0
6246    0
6248    1
6249    1
6250    0
6251    0
6253    0
6255    0
6256    0
6257    0
6258    0
6259    0
6260    0
6262    0
6263    0
6265    0
6266    0
6267    0
6269    1
6270    1
6272    0
6273    0
6274    0
6275    0
6276    0
6279    0
6280    0
6281    0
6282    0
6284    0
6287    1
6288    0
6290    0
6291    1
6292    0
6293    0
6294    0
6295    0
6296    0
6297    0
6298    0
6299    0
6300    1
6301    0
6302    0
6304    0
6306    0
6307    0
6308    0
6309    0
6310    0
6311    0
6313    0
6314    1
6315    0
6316    1
6317    0
6318    0
6319    0
6320    0
6321    0
6322    0
6323    1
6324    0
6325    0
6327    0
6329    0
6330    0
6331    0
6332    0
6333    0
6334    0
6335    0
6337    0
6338    0
6339    0
6341    0
6342    0
6343    0
6344    0
6345    0
6346    0
6349    0
6350    0
6351    0
6352    1
6353    0
6354    0
6356    0
6357    0
6358    0
6359    0
6360    0
6361    0
6362    0
6363    0
6365    0
6368    0
6369    0
6370    0
6371    0
6372    0
6375    0
6376    0
6377    0
6378    0
6380    0
6381    0
6384    0
6385    0
6386    0
6387    0
6389    0
6390    1
6391    0
6392    0
6393    0
6394    0
6395    0
6396    0
6399    0
6400    0
6401    0
6402    0
6403    0
6404    0
6405    0
6407    0
6408    0
6409    0
6410    0
6411    0
6412    0
6413    0
6414    0
6416    0
6419    0
6420    0
6421    0
6422    0
6423    0
6424    1
6425    0
6426    1
6427    0
6428    1
6429    0
6430    0
6431    0
6432    0
6433    0
6434    0
6435    0
6436    0
6437    0
6438    0
6439    1
6443    0
6444    0
6445    0
6446    0
6447    0
6448    0
6449    0
6450    0
6451    0
6452    0
6453    0
6454    0
6455    0
6456    0
6457    0
6458    1
6459    0
6460    0
6461    0
6463    0
6464    1
6466    0
6467    0
6468    0
6469    0
6470    0
6472    0
6474    0
6476    0
6477    0
6478    0
6480    0
6481    0
6482    0
6483    0
6485    0
6486    0
6487    0
6488    0
6489    0
6490    0
6491    0
6492    0
6493    0
6494    0
6495    0
6496    0
6497    0
6498    0
6499    0
6500    0
6501    1
6502    0
6503    0
6506    0
6507    0
6509    0
6511    0
6512    0
6513    0
6514    1
6516    0
6517    0
6519    0
6520    0
6521    0
6522    0
6523    0
6524    0
6525    0
6527    0
6528    0
6530    0
6531    0
6532    0
6533    0
6534    0
6535    1
6536    0
6538    0
6540    0
6541    0
6542    0
6543    0
6547    0
6548    1
6549    0
6550    0
6552    0
6554    0
6555    0
6558    0
6559    0
6560    0
6561    0
6562    0
6563    0
6564    0
6565    0
6566    0
6567    0
6568    0
6569    0
6570    0
6574    0
6575    0
6577    0
6579    0
6580    0
6583    0
6584    1
6585    0
6586    0
6587    0
6589    0
6590    0
6593    0
6594    0
6596    0
6597    1
6598    0
6599    0
6600    0
6601    0
6602    0
6603    0
6604    0
6605    0
6606    0
6607    0
6608    0
6609    0
6614    0
6615    0
6616    0
6617    0
6618    0
6620    0
6622    0
6623    0
6626    0
6628    0
6631    0
6633    0
6634    0
6636    0
6639    0
6640    0
6641    0
6642    1
6643    0
6644    1
6645    0
6646    0
6647    0
6648    1
6649    0
6650    0
6651    0
6653    0
6654    1
6656    0
6657    0
6658    0
6659    0
6660    1
6661    0
6662    0
6663    0
6664    0
6665    0
6666    0
6667    0
6668    0
6669    1
6670    0
6673    0
6674    0
6675    0
6677    0
6678    0
6681    0
6682    0
6683    0
6684    0
6686    0
6687    0
6688    0
6691    0
6692    1
6697    0
6699    0
6700    0
6701    0
6703    0
6705    0
6707    0
6708    0
6709    0
6711    0
6712    0
6713    0
6714    0
6715    0
6716    0
6717    1
6718    0
6719    0
6720    1
6722    0
6723    0
6724    1
6725    0
6726    1
6727    0
6728    0
6729    0
6730    0
6732    0
6733    0
6734    0
6735    0
6736    0
6738    0
6741    0
6742    0
6743    0
6744    0
6745    0
6746    0
6750    0
6752    0
6754    0
6755    0
6756    0
6757    0
6759    0
6763    0
6764    0
6765    0
6767    0
6768    0
6769    1
6770    0
6771    0
6772    0
6773    0
6774    0
6776    0
6777    1
6778    0
6779    0
6780    0
6781    0
6782    0
6784    0
6785    0
6786    0
6787    0
6788    0
6789    0
6791    0
6794    0
6795    0
6796    0
6797    0
6799    0
6800    0
6801    0
6803    0
6804    0
6805    0
6806    0
6807    0
6808    0
6809    0
6810    0
6812    0
6817    0
6818    0
6820    0
6821    0
6822    0
6824    0
6826    0
6827    0
6828    0
6830    0
6831    0
6832    0
6833    0
6834    0
6835    0
6836    0
6837    0
6839    0
6840    0
6841    0
6843    0
6845    0
6846    0
6847    0
6848    0
6849    0
6852    0
6853    0
6854    0
6855    0
6856    0
6857    0
6858    0
6859    0
6860    0
6861    0
6862    0
6863    0
6866    0
6868    0
6869    0
6870    0
6871    0
6872    0
6873    0
6874    0
6875    0
6876    0
6877    0
6878    0
6879    0
6880    0
6881    0
6882    0
6883    0
6884    0
6885    0
6886    0
6887    0
6889    0
6890    0
6891    0
6892    0
6893    0
6894    0
6897    0
6900    1
6902    0
6903    0
6904    0
6905    0
6906    0
6907    0
6908    0
6909    0
6910    0
6911    0
6912    0
6913    0
6914    0
6915    0
6916    0
6918    0
6920    0
6921    0
6922    0
6923    0
6924    0
6925    0
6926    0
6927    0
6928    0
6929    0
6930    0
6931    0
6932    0
6933    1
6934    0
6936    0
6937    0
6938    0
6939    0
6940    0
6941    0
6942    0
6943    1
6944    0
6946    0
6947    0
6948    0
6949    0
6951    0
6952    0
6954    0
6955    0
6956    1
6957    0
6959    0
6961    0
6963    1
6964    0
6965    0
6966    0
6969    0
6970    0
6971    0
6973    0
6974    0
6975    0
6976    0
6977    0
6980    0
6981    0
6982    0
6985    0
6987    0
6988    0
6989    0
6990    0
6991    0
6992    0
6993    0
6994    0
6995    0
6996    0
6997    0
6998    0
6999    0
7001    1
7002    0
7003    0
7004    0
7005    0
7006    1
7007    0
7008    0
7009    0
7010    0
7011    0
7012    0
7013    0
7014    0
7015    1
7016    0
7017    0
7018    0
7019    0
7020    0
7021    0
7022    0
7023    0
7024    0
7025    0
7026    0
7027    0
7028    0
7029    0
7030    0
7031    0
7033    0
7034    0
7035    0
7037    0
7038    0
7039    0
7041    0
7042    0
7044    0
7045    1
7046    0
7047    0
7048    0
7049    0
7050    0
7051    0
7052    0
7053    1
7054    0
7055    0
7058    0
7059    0
7060    0
7061    0
7062    0
7063    0
7064    0
7066    0
7067    0
7069    0
7070    1
7071    0
7072    0
7073    0
7074    0
7075    0
7076    0
7077    0
7078    0
7080    0
7081    0
7082    0
7083    0
7084    0
7085    0
7088    0
7089    0
7090    0
7091    0
7093    0
7094    0
7096    0
7098    0
7099    0
7100    1
7101    0
7102    0
7103    0
7105    0
7106    0
7107    0
7108    0
7109    0
7110    0
7111    0
7112    0
7113    0
7114    0
7115    0
7116    0
7117    0
7119    0
7120    0
7121    0
7122    0
7123    0
7124    0
7126    0
7127    0
7128    0
7129    0
7132    0
7134    1
7136    0
7137    0
7138    0
7140    0
7141    0
7142    0
7143    0
7144    0
7145    0
7146    0
7149    0
7150    0
7151    0
7153    0
7154    0
7155    0
7157    0
7158    0
7159    0
7160    0
7161    0
7162    0
7163    1
7164    0
7166    0
7167    0
7168    0
7169    1
7171    0
7172    0
7174    0
7176    0
7177    0
7178    0
7179    0
7180    0
7181    0
7182    1
7185    0
7186    0
7187    0
7190    0
7191    0
7192    1
7193    0
7194    0
7195    0
7196    0
7197    1
7198    0
7201    0
7203    0
7204    0
7205    0
7206    0
7207    0
7208    0
7209    0
7210    0
7216    0
7217    0
7220    0
7221    0
7222    0
7224    0
7225    0
7226    0
7227    0
7228    0
7229    0
7230    0
7231    0
7232    0
7233    1
7234    0
7235    0
7237    0
7238    0
7240    0
7241    0
7242    0
7245    0
7246    0
7249    0
7251    1
7253    0
7254    0
7255    0
7256    0
7257    0
7258    0
7259    0
7260    0
7261    0
7263    0
7264    0
7265    0
7266    0
7267    0
7268    1
7269    0
7270    0
7271    0
7272    1
7273    1
7274    0
7275    0
7277    0
7278    0
7279    0
7280    0
7283    1
7284    0
7285    1
7287    0
7289    0
7290    0
7291    0
7295    0
7297    0
7298    0
7299    0
7300    0
7302    0
7305    0
7306    1
7307    0
7308    0
7309    0
7310    0
7311    0
7312    0
7313    1
7315    0
7316    0
7317    0
7318    1
7320    0
7321    0
7322    0
7323    0
7324    0
7325    0
7327    0
7328    0
7329    0
7330    0
7331    0
7445    0
7593    0
7594    1
7595    0
7596    0
7652    0
7668    0
7669    0
7699    0
7708    0
7709    0
7725    1
7726    0
7778    0
7779    0
7780    0
7781    0
7865    0
7942    0
8031    0
8032    0
8033    0
8034    0
8091    0
8092    0
8107    0
8108    0
8128    0
8200    0
8201    0
8202    0
8228    0
8334    0
8341    0
8342    0
8515    0
8516    0
8517    0
8518    0
8519    0
8602    0
8639    0
8668    0
8716    0
8810    0
9013    0
9061    0
9063    0
9077    0
9078    0
9079    0
9080    0
9081    0
9082    0
9083    1
9084    0
9086    0
9087    0
9088    0
9089    0
9090    0
9091    0
9093    1
9094    0
9095    0
9096    1
9097    0
9100    0
9101    1
9102    0
9103    0
9104    0
9105    1
9106    0
9107    0
9108    0
9109    0
9110    0
9111    0
9112    0
9113    0
9114    0
9115    0
9116    0
9117    0
9118    0
9120    0
9121    0
9122    0
9123    0
9124    0
9125    0
9126    0
9127    0
9128    0
9129    0
9132    0
9134    0
9135    0
9136    0
9137    0
9138    0
9139    0
9140    0
9143    0
9144    0
9145    0
9147    1
9149    0
9151    0
9152    0
9155    0
9156    0
9157    0
9158    0
9159    0
9160    0
9161    0
9162    0
9163    0
9164    0
9165    0
9166    1
9167    0
9169    1
9170    0
9173    0
9174    0
9175    0
9176    0
9177    0
9178    0
9179    0
9182    0
9183    0
9184    0
9185    0
9186    0
9187    0
9188    0
9189    0
9190    0
9191    0
9193    0
9194    0
9195    0
9196    0
9197    0
9198    0
9199    1
9202    0
9203    1
9204    1
9205    0
9206    0
9207    0
9208    0
9209    0
9210    0
9211    0
9213    0
9214    0
9215    0
9216    0
9217    0
9218    0
9219    0
9220    1
9221    0
9222    0
9223    0
9225    0
9226    1
9227    0
9228    0
9229    0
9231    0
9232    0
9234    0
9235    0
9236    0
9237    0
9238    0
9239    0
9240    0
9241    0
9242    0
9243    0
9244    0
9245    0
9246    0
9247    0
9248    0
9250    0
9251    0
9252    0
9253    0
9254    0
9256    0
9257    0
9259    0
9260    0
9261    0
9263    0
9264    1
9266    0
9267    1
9269    0
9272    0
9273    0
9274    0
9275    1
9276    0
9277    0
9278    0
9279    0
9280    0
9283    0
9285    0
9286    0
9287    0
9290    0
9291    0
9292    0
9293    0
9294    0
9296    0
9298    0
9302    0
9303    0
9304    0
9305    0
9307    0
9308    0
9309    0
9310    0
9311    0
9313    0
9314    0
9315    0
9316    0
9317    0
9318    0
9321    0
9322    0
9323    0
9324    0
9326    0
9329    0
9330    0
9331    0
9332    0
9334    0
9335    0
9336    1
9337    0
9338    0
9341    0
9342    0
9345    0
9346    0
9347    0
9348    0
9349    0
9350    0
9352    0
9353    1
9354    1
9355    0
9356    0
9357    0
9358    0
9363    0
9365    0
9367    0
9368    0
9369    0
9370    0
9371    0
9372    0
9373    0
9374    0
9375    0
9376    0
9377    1
9378    0
9379    0
9380    0
9381    0
9382    0
9384    0
9385    0
9386    1
9387    0
9388    0
9389    0
9393    0
9394    0
9397    0
9398    1
9399    0
9400    0
9401    0
9402    0
9403    0
9404    1
9405    0
9406    0
9407    0
9408    0
9409    0
9410    0
9411    0
9412    0
9413    0
9414    0
9416    0
9417    0
9418    0
9419    0
9420    0
9421    0
9422    0
9423    0
9424    0
9425    0
9426    0
9428    0
9429    0
9430    0
9431    0
9432    0
9433    0
9434    0
9436    0
9437    1
9438    0
9439    0
9440    0
9443    0
9445    0
9446    0
9447    0
9448    0
9450    0
9451    0
9454    0
9455    0
9456    1
9457    0
9458    0
9460    0
9461    0
9465    0
9466    0
9468    0
9469    0
9471    0
9472    1
9473    0
9474    1
9477    0
9478    0
9479    1
9480    1
9481    0
9482    1
9483    0
9484    0
9486    0
9487    0
9488    0
9489    0
9491    0
9492    0
9498    0
9500    0
9502    0
9503    0
9504    0
9505    0
9506    0
9510    0
9511    0
9512    0
9514    0
9515    0
9516    0
9517    0
9519    0
9525    0
9526    0
9528    0
9530    0
9531    0
9532    0
9533    0
9535    0
9536    0
9537    0
9538    0
9539    0
9540    0
9541    0
9542    0
9543    0
9544    0
9545    0
9546    0
9547    0
9549    0
9551    0
9552    0
9554    0
9555    0
9556    0
9557    0
9559    0
9560    0
9561    0
9562    0
9563    0
9564    0
9565    0
9568    0
9569    0
9570    0
9571    0
9572    0
9573    0
9574    0
9575    0
9577    0
9578    0
9579    0
9580    0
9581    0
9582    1
9583    0
9587    0
9588    0
9590    0
9591    0
9592    0
9593    0
9594    0
9596    0
9597    0
9599    0
9601    0
9604    0
9605    0
9607    0
9609    0
9610    1
9611    0
9613    0
9614    0
9615    0
9616    0
9617    0
9618    0
9619    0
9620    0
9621    0
9623    0
9624    0
9625    0
9626    0
9627    0
9628    0
9629    0
9630    0
9632    0
9633    0
9634    0
9635    1
9636    1
9637    0
9638    0
9639    1
9641    0
9642    0
9643    0
9644    0
9645    0
9646    0
9647    0
9648    0
9649    0
9650    0
9651    0
9652    0
9653    0
9654    1
9655    0
9656    0
9657    0
9659    0
9661    0
9662    0
9663    0
9665    0
9667    0
9669    0
9670    0
9671    0
9672    0
9673    0
9675    0
9676    0
9677    0
9678    1
9680    0
9681    0
9682    0
9683    0
9684    0
9685    0
9687    0
9688    0
9689    0
9690    0
9691    0
9692    0
9693    0
9694    0
9695    0
9696    0
9701    0
9702    0
9703    0
9705    0
9706    0
9709    0
9710    0
9714    0
9715    0
9718    0
9719    1
9720    0
9721    0
9722    1
9723    0
9725    1
9727    0
9731    0
9732    0
9733    0
9734    0
9735    0
9736    0
9738    0
9739    0
9741    0
9742    0
9743    0
9744    0
9745    1
9746    0
9747    0
9748    0
9749    0
9750    0
9751    0
9752    0
9753    1
9754    0
9756    0
9757    0
9758    0
9759    0
9761    0
9762    1
9765    0
9766    0
9767    0
9769    0
9770    0
9773    0
9774    0
9775    0
9776    0
9777    0
9779    0
9780    1
9782    1
9783    0
9784    1
9786    0
9787    1
9788    0
9789    0
9791    0
9792    0
9793    0
9794    0
9796    0
9797    0
9798    0
9800    0
9801    0
9802    0
9803    0
9804    0
9805    0
9806    0
9807    0
9809    0
9811    0
9812    0
9813    0
9814    0
9815    0
9816    0
9817    0
9821    0
9822    1
9823    0
9825    0
9826    0
9828    0
9829    0
9831    1
9832    0
9833    0
9834    0
9835    0
9836    0
9837    1
9838    0
9839    0
9840    0
9841    0
9842    0
9843    0
9844    1
9845    0
9846    0
9848    0
9849    0
9850    0
9851    0
9852    0
9853    0
9855    0
9856    0
9857    0
9858    0
9860    0
9861    0
9864    0
9865    0
9866    0
9867    0
9869    0
9871    1
9874    0
9875    0
9879    0
9880    0
9881    0
9883    0
9885    0
9886    0
9887    0
9889    1
9890    0
9891    0
9894    0
9896    0
9897    0
9900    0
9901    0
9902    0
9904    0
9905    0
9906    0
9907    0
9909    0
9910    0
9911    0
9913    0
9914    0
9915    0
9916    0
9917    0
9918    0
9919    0
9920    0
9921    0
9922    0
9924    0
9926    0
9927    0
9928    1
9929    0
9930    0
9931    0
9932    0
9933    0
9934    0
9935    0
9937    0
9938    0
9939    0
9940    0
9941    0
9943    0
9944    0
9945    0
9946    0
9947    0
9948    0
9949    1
9950    0
9952    1
9953    0
9954    0
9956    0
9957    1
9958    0
9959    0
9962    1
9963    0
9964    0
9965    0
9966    1
9967    0
9969    0
9970    0
9971    0
9972    0
9973    0
9974    0
9975    0
9976    0
9977    0
9978    0
9979    0
9980    0
9981    0
9983    0
9984    0
9985    1
9986    0
9988    0
9989    0
9990    0
9991    0
9992    0
9993    0
9994    0
9995    0
9996    0
9998    0
9999    0
10000    0
10001    0
10002    0
10004    0
10005    0
10006    0
10007    0
10008    0
10009    0
10010    0
10011    0
10012    0
10013    0
10014    0
10015    0
10016    0
10020    0
10021    0
10022    0
10024    1
10025    0
10026    0
10028    0
10029    0
10030    0
10033    0
10034    1
10035    1
10036    0
10037    0
10038    0
10039    0
10040    0
10041    0
10042    0
10043    0
10045    0
10046    0
10047    0
10048    0
10049    1
10050    0
10051    1
10052    0
10053    0
10054    0
10057    0
10059    0
10060    1
10063    1
10066    0
10067    0
10068    0
10069    0
10070    0
10071    0
10072    0
10074    0
10075    0
10076    0
10077    0
10078    0
10079    0
10080    0
10081    0
10082    0
10083    0
10084    0
10085    0
10086    0
10087    0
10088    0
10090    0
10091    0
10092    0
10093    0
10094    0
10095    0
10096    1
10097    0
10098    0
10099    0
10100    0
10101    0
10102    0
10103    0
10104    0
10105    0
10109    0
10110    0
10111    0
10113    0
10114    0
10115    0
10116    1
10117    0
10118    0
10121    0
10122    0
10123    0
10124    0
10126    0
10127    0
10128    0
10130    0
10132    0
10133    0
10134    0
10136    0
10137    0
10138    0
10139    0
10141    0
10143    0
10144    0
10145    0
10146    0
10148    0
10151    0
10152    0
10153    0
10154    0
10155    1
10156    1
10157    0
10159    0
10160    0
10162    0
10163    0
10164    0
10165    0
10166    1
10167    0
10168    0
10169    0
10170    0
10171    0
10172    0
10174    0
10176    0
10178    0
10179    0
10181    0
10182    0
10183    0
10185    0
10187    0
10188    0
10189    0
10190    0
10191    0
10192    0
10193    1
10194    0
10196    0
10197    0
10198    0
10199    0
10200    0
10201    0
10202    0
10204    0
10205    0
10206    0
10207    0
10208    0
10210    0
10212    0
10214    0
10215    0
10216    0
10218    0
10220    0
10221    0
10223    0
10224    0
10225    0
10226    0
10227    0
10228    0
10229    0
10230    0
10231    0
10232    0
10233    0
10234    0
10235    1
10236    0
10237    0
10238    0
10240    0
10241    0
10242    0
10243    0
10244    0
10246    0
10248    0
10249    0
10250    0
10251    0
10252    0
10253    0
10254    0
10255    0
10256    0
10257    0
10260    0
10261    0
10262    0
10263    0
10264    0
10266    0
10267    0
10268    0
10270    0
10271    0
10272    0
10273    0
10274    0
10275    0
10276    0
10277    0
10278    0
10280    0
10281    0
10283    0
10284    0
10285    0
10286    0
10289    1
10291    0
10293    0
10294    0
10295    0
10296    0
10297    0
10298    0
10299    0
10302    0
10303    0
10304    0
10305    0
10306    0
10307    0
10308    0
10310    0
10311    0
10312    0
10313    0
10314    0
10315    0
10316    0
10318    0
10319    0
10321    0
10322    1
10323    0
10325    0
10326    0
10328    0
10330    0
10331    0
10332    0
10333    0
10334    0
10335    0
10336    0
10337    0
10338    0
10339    0
10340    0
10341    0
10342    0
10343    0
10344    0
10345    0
10346    0
10348    0
10349    0
10350    0
10351    0
10352    0
10353    0
10354    0
10355    0
10356    1
10359    0
10360    0
10365    1
10367    0
10368    0
10369    0
10370    1
10371    0
10372    1
10373    1
10374    0
10375    0
10377    0
10378    0
10379    0
10380    1
10382    0
10384    0
10385    0
10387    0
10388    0
10389    0
10390    0
10391    0
10393    0
10394    0
10395    0
10397    0
10398    0
10399    0
10400    0
10401    0
10404    0
10405    0
10406    0
10408    0
10409    0
10410    0
10411    0
10412    0
10413    0
10414    0
10415    0
10416    0
10417    1
10418    0
10419    0
10420    0
10421    0
10422    0
10424    0
10425    0
10426    0
10427    0
10428    0
10430    0
10431    0
10432    0
10433    0
10434    0
10435    0
10436    0
10438    0
10439    0
10440    0
10441    0
10442    0
10443    0
10446    0
10447    0
10449    0
10452    0
10453    0
10454    0
10455    0
10456    0
10460    0
10461    0
10462    0
10464    0
10465    0
10466    0
10467    0
10469    0
10470    0
10471    0
10472    0
10473    0
10474    0
10475    0
10477    0
10478    0
10480    0
10481    0
10482    0
10483    0
10484    0
10485    0
10487    0
10488    0
10489    0
10491    0
10493    0
10495    0
10496    0
10497    0
10498    0
10501    0
10503    0
10504    0
10505    0
10506    0
10508    1
10509    0
10510    0
10511    0
10512    0
10513    1
10514    0
10515    0
10516    0
10517    0
10519    0
10520    0
10522    0
10523    0
10526    0
10527    0
10529    0
10531    0
10532    0
10533    0
10534    0
10535    0
10536    0
10537    0
10538    0
10541    1
10542    0
10544    0
10545    1
10546    0
10547    0
10548    0
10549    0
10552    1
10553    0
10554    1
10555    0
10556    0
10557    0
10559    0
10560    0
10561    0
10562    0
10563    0
10565    0
10566    0
10567    0
10568    0
10569    0
10570    0
10571    0
10574    0
10575    0
10576    0
10577    0
10578    0
10579    1
10580    0
10582    0
10583    0
10584    0
10585    0
10586    0
10587    1
10589    0
10590    0
10591    1
10592    0
10593    0
10594    0
10596    1
10597    0
10598    0
10600    0
10601    0
10603    0
10604    0
10605    0
10606    0
10607    1
10609    0
10610    0
10611    0
10612    0
10616    0
10617    0
10618    0
10619    0
10620    0
10621    0
10622    0
10623    0
10624    0
10625    0
10626    0
10627    0
10630    0
10631    0
10633    0
10634    0
10635    1
10636    0
10637    0
10638    0
10639    0
10640    1
10641    0
10642    0
10643    0
10644    0
10645    0
10648    0
10649    0
10650    0
10651    0
10652    0
10653    0
10654    0
10655    0
10656    0
10657    0
10658    1
10659    0
10660    0
10661    0
10662    0
10663    0
10664    0
10665    0
10667    0
10668    0
10669    0
10670    0
10671    0
10672    0
10673    0
10674    0
10675    0
10676    0
10677    0
10678    0
10680    0
10681    0
10682    0
10683    0
10684    0
10685    0
10687    0
10688    0
10689    0
10690    0
10691    0
10693    0
10694    0
10695    0
10696    1
10698    0
10699    0
10701    0
10703    0
10705    0
10706    0
10707    0
10708    0
10709    1
10710    0
10711    0
10712    0
10713    0
10714    0
10715    0
10716    0
10717    0
10718    0
10719    0
10720    0
10721    0
10722    0
10723    0
10724    0
10727    0
10728    0
10729    0
10730    0
10732    0
10733    0
10735    0
10736    0
10740    0
10742    0
10743    0
10744    0
10745    0
10746    0
10747    0
10750    0
10751    0
10752    1
10753    0
10754    0
10755    0
10756    0
10757    0
10758    0
10759    0
10760    0
10761    0
10762    0
10764    0
10765    0
10768    0
10769    0
10772    0
10773    0
10774    0
10775    0
10777    0
10778    0
10779    0
10780    0
10781    0
10782    0
10783    0
10784    0
10786    0
10787    0
10788    1
10789    0
10790    0
10791    0
10792    0
10793    1
10794    0
10795    0
10797    0
10798    0
10800    0
10802    0
10803    0
10804    1
10805    0
10806    0
10807    0
10808    0
10809    0
10810    0
10812    0
10813    0
10814    0
10815    0
10818    0
10820    0
10821    0
10822    0
10823    0
10824    0
10825    0
10826    0
10827    0
10828    0
10829    0
10830    0
10831    0
10833    0
10834    0
10835    0
10836    0
10840    0
10841    0
10842    0
10843    0
10844    0
10845    1
10846    0
10847    0
10848    0
10850    0
10851    0
10852    0
10853    0
10854    0
10856    0
10857    1
10858    0
10859    0
10860    0
10862    0
10863    0
10866    0
10867    0
10868    0
10869    1
10870    0
10871    0
10872    0
10873    1
10874    0
10876    0
10877    1
10880    0
10883    0
10885    0
10886    0
10887    0
10888    0
10889    0
10890    0
10892    0
10893    0
10894    0
10895    0
10897    0
10899    0
10900    0
10901    0
10903    0
10904    0
10905    0
10906    0
10907    0
10908    0
10910    0
10911    0
10912    0
10913    0
10914    0
10916    0
10917    0
10920    0
10922    1
10923    0
10924    0
10925    0
10928    0
10929    0
10930    0
10933    0
10934    0
10935    0
10936    0
10937    1
10938    0
10939    1
10940    0
10941    0
10942    1
10943    1
10946    0
10948    0
10949    0
10950    0
10951    0
10952    0
10954    0
10955    0
10956    0
10957    0
10958    0
10959    0
10960    0
10961    0
10962    0
10963    0
10964    0
10965    0
10966    0
10967    0
10968    0
10970    0
10971    0
10972    1
10973    0
10975    0
10977    1
10979    0
10980    0
10982    1
10983    0
10985    0
10986    0
10988    0
10989    0
10990    0
10992    1
10993    0
10994    0
10998    0
10999    0
11000    0
11001    0
11002    0
11007    0
11008    0
11009    0
11010    0
11011    1
11012    0
11013    0
11016    1
11019    0
11020    1
11022    0
11023    0
11025    0
11026    0
11027    0
11029    0
11030    0
11031    0
11032    0
11034    0
11035    0
11037    0
11038    0
11040    0
11043    0
11044    1
11045    1
11046    0
11047    0
11049    0
11050    0
11051    0
11052    0
11053    0
11054    0
11055    0
11056    0
11057    0
11058    0
11059    0
11061    0
11062    0
11064    0
11065    0
11066    0
11068    0
11070    0
11071    0
11072    0
11073    0
11074    0
11075    0
11077    0
11078    0
11079    0
11080    0
11082    0
11083    1
11084    0
11085    0
11086    0
11087    0
11088    0
11090    0
11091    0
11092    0
11093    0
11095    0
11098    0
11099    0
11102    0
11105    0
11106    0
11107    0
11108    0
11109    0
11110    0
11111    0
11112    0
11114    0
11115    0
11116    0
11117    0
11118    0
11119    0
11120    0
11121    0
11122    0
11123    0
11124    0
11126    0
11127    0
11129    0
11130    0
11131    0
11132    0
11133    1
11134    0
11135    0
11137    0
11138    0
11140    0
11141    0
11142    0
11143    0
11144    0
11145    0
11146    0
11148    0
11149    1
11151    0
11152    0
11153    0
11155    0
11156    1
11159    0
11161    0
11165    1
11166    0
11167    0
11168    1
11169    0
11170    0
11171    0
11172    1
11173    0
11174    0
11175    0
11176    0
11178    0
11179    0
11180    0
11181    0
11183    0
11184    0
11185    0
11187    0
11188    0
11189    0
11190    0
11191    0
11192    0
11193    0
11194    0
11195    0
11196    0
11197    0
11198    0
11200    1
11201    0
11202    0
11204    0
11205    0
11206    0
11207    1
11208    0
11209    0
11210    0
11211    0
11213    0
11214    0
11215    1
11216    0
11217    0
11218    0
11219    0
11220    0
11221    0
11222    0
11223    0
11224    0
11225    0
11226    0
11227    0
11228    0
11229    0
11230    0
11231    0
11232    0
11234    0
11235    0
11236    0
11237    0
11241    0
11242    0
11243    0
11244    0
11245    0
11246    0
11247    0
11248    0
11249    0
11250    0
11251    0
11253    0
11255    0
11257    0
11259    0
11260    1
11261    0
11262    0
11263    0
11264    0
11265    0
11267    1
11268    0
11269    0
11271    0
11272    0
11273    0
11274    0
11276    0
11277    0
11278    0
11279    0
11282    0
11283    0
11284    0
11285    0
11286    1
11287    0
11288    0
11289    0
11290    0
11291    0
11292    0
11293    1
11294    0
11295    0
11296    1
11297    0
11298    0
11299    0
11300    0
11301    0
11303    0
11305    0
11306    0
11308    0
11309    0
11310    1
11311    0
11312    0
11313    0
11314    0
11317    0
11320    0
11321    0
11322    0
11323    0
11324    1
11325    0
11326    0
11327    0
11328    0
11329    1
11330    0
11331    0
11332    0
11333    0
11334    0
11335    0
11337    0
11340    0
11342    0
11343    0
11344    0
11345    0
11346    0
11347    0
11348    0
11349    0
11350    0
11351    0
11352    0
11353    0
11356    0
11359    1
11364    0
11365    0
11366    0
11367    0
11368    0
11369    0
11370    0
11371    0
11372    0
11377    0
11378    0
11379    0
11380    0
11381    0
11382    1
11383    0
11384    0
11385    0
11386    0
11387    0
11388    0
11389    0
11390    0
11391    0
11392    0
11393    0
11394    0
11395    0
11396    0
11397    0
11398    0
11400    0
11401    0
11402    0
11403    0
11404    0
11405    0
11406    0
11407    0
11409    1
11410    0
11411    0
11412    0
11413    0
11414    0
11416    0
11418    0
11419    0
11420    0
11421    0
11423    0
11424    0
11425    0
11426    0
11427    0
11428    1
11430    0
11431    0
11434    0
11435    0
11436    0
11437    0
11441    0
11442    0
11443    0
11444    0
11446    0
11447    0
11450    0
11452    0
11453    0
11455    0
11457    0
11459    0
11460    1
11461    0
11463    0
11464    0
11467    0
11470    0
11471    0
11473    0
11474    0
11476    0
11477    0
11478    1
11479    0
11480    0
11481    0
11482    0
11483    0
11486    1
11487    0
11488    0
11489    0
11490    0
11492    0
11493    0
11494    0
11495    0
11496    0
11497    0
11499    0
11501    0
11502    0
11503    0
11505    0
11506    0
11507    0
11508    0
11509    0
11510    0
11511    0
11512    0
11513    0
11515    0
11516    0
11517    0
11518    0
11519    0
11520    0
11521    0
11522    0
11523    0
11524    0
11525    0
11527    0
11528    0
11530    0
11531    0
11532    0
11533    0
11534    0
11535    0
11536    0
11538    0
11539    1
11540    1
11541    1
11542    1
11544    0
11545    1
11547    1
11549    1
11550    1
11551    1
11552    1
11553    1
11554    1
11555    1
11557    0
11558    1
11559    1
11560    1
11561    1
11562    1
11563    1
11564    1
11565    1
11566    1
11567    1
11568    1
11569    1
11570    1
11571    1
11573    1
11574    1
11575    1
11576    0
11578    0
11579    0
11580    0
11582    0
11583    0
11584    0
11585    0
11586    0
11587    0
11588    0
11589    0
11590    0
11591    1
11592    0
11593    1
11594    1
11596    0
11599    0
11600    0
11605    0
11607    0
11608    0
11609    0
11610    0
11612    0
11613    0
11614    0
11615    0
11616    0
11617    0
11618    0
11619    1
11620    1
11622    1
11624    1
11625    1
11627    1
11629    1
11630    1
11631    1
11632    1
11633    1
11634    1
11635    1
11636    1
11637    1
11638    1
11639    1
11640    1
11641    1
11642    1
11643    1
11644    1
11645    1
11646    1
11647    1
11648    1
11649    1
11650    0
11651    1
11652    1
11653    1
11654    1
11655    1
11656    1
11657    1
11659    1
11660    1
11661    1
11662    1
11665    1
11666    1
11667    1
11668    1
11669    1
11670    1
11672    1
11673    1
11674    1
11675    1
11676    1
11677    1
11678    1
11679    1
11680    1
11682    1
11683    1
11684    1
11685    1
11686    1
11687    1
11688    0
11689    1
11690    1
11691    1
11692    1
11693    1
11695    1
11696    1
11697    1
11698    1
11699    0
11700    1
11701    1
11702    1
11703    1
11704    1
11705    0
11706    1
11707    1
11708    1
11709    1
11710    0
11711    1
11712    1
11713    1
11714    1
11716    1
11717    1
11718    1
11719    1
11720    1
11721    1
11722    1
11723    1
11724    1
11725    1
11726    0
11728    0
11729    0
11731    0
11732    0
11733    0
11734    0
11735    0
11736    0
11737    0
11738    0
11739    0
11740    0
11741    0
11742    0
11743    1
11744    0
11746    0
11747    0
11748    0
11749    0
11750    0
11751    0
11752    0
11755    0
11758    0
11759    0
11760    0
11761    0
11762    0
11763    0
11764    0
11766    0
11767    0
11768    0
11769    0
11770    0
11772    0
11773    0
11774    0
11775    0
11776    0
11777    0
11780    0
11781    0
11782    0
11783    0
11784    0
11785    0
11786    0
11787    0
11789    0
11791    0
11792    0
11793    0
11794    0
11796    0
11797    0
11799    0
11800    0
11801    0
11803    0
11804    0
11805    0
11807    0
11808    0
11810    0
11811    0
11812    0
11813    0
11814    0
11816    0
11818    0
11819    0
11820    0
11821    0
11822    0
11823    0
11824    0
11825    0
11826    0
11828    0
11830    0
11831    0
11832    0
11833    0
11834    0
11835    0
11836    0
11837    0
11838    0
11839    0
11840    0
11841    0
11842    0
11844    0
11845    0
11846    0
11849    0
11850    1
11851    0
11852    0
11853    1
11854    0
11855    0
